Times,BER,EbNo,Prop_Loss,Weather,Rain_Loss,EIRP,Range,Rcvd_Frequency,g_over_T,Bandwidth,Free_Space_Loss,Propagation_Delay,Rcvd_Iso_Power,C/No,Atmos Loss
77556.844,0.13129573354032514,-2.0237136841119323,174.6187770202623,Clouds,2.4688077896510605,12.0,799.9819238298695,12.000187596914099,12.0,200.0,172.0930116209339,0.002668452465971874,-162.62285254718273,17.976286315888068,0.05695760967736312
77557.0,0.13103604308986216,-2.014259574400091,174.60932748661804,Clouds,2.4673575427079903,12.0,799.2512162675515,12.000187386375956,12.0,200.0,172.0850742595492,0.0026660150879030836,-162.6133984374709,17.98574042559991,0.05689568436084791
77558.0,0.12937647231834953,-1.9537784690378284,174.54887601727626,Clouds,2.4581397684792425,12.0,794.586807047615,12.000186022860838,12.0,200.0,172.0342351419198,0.0026504562934922633,-162.55291733210862,18.04622153096217,0.05650110687723967
77559.0,0.1277260630749797,-1.8935159941464308,174.48864370739275,Clouds,2.449058453734511,12.0,789.9567652513801,12.000184634998137,12.0,200.0,171.9834745983518,0.002635012136467356,-162.49265485721722,18.10648400585357,0.05611065530645497
77560.0,0.12608526131653575,-1.8334825426287862,174.42864095830745,Clouds,2.440114070230293,12.0,785.3617037165482,12.000183222399158,12.0,200.0,171.93280254523458,0.0026196846610348954,-162.43262140569956,18.166517457371214,0.055724342842616764
77561.0,0.12445451652469902,-1.7736888230202332,174.36887848700079,Clouds,2.431307093218104,12.0,780.8022449988893,12.000181784674826,12.0,200.0,171.88222921011788,0.0026044759438174033,-162.37282768609103,18.226311176979767,0.05534218366476365
77562.0,0.12283428159638882,-1.714145873427796,174.3093673400213,Clouds,2.422638001040615,12.0,776.2790222095738,12.000180321436194,12.0,200.0,171.83176514597736,0.0025893880966464267,-162.31328473649856,18.285854126572204,0.05496419300331942
77563.0,0.12122501181829748,-1.6548650422055553,174.25011887415462,Clouds,2.4141072697561174,12.0,771.7926773366567,12.000178832294768,12.0,200.0,171.7814212174017,0.0025744232609636116,-162.25400390527636,18.345134957794443,0.05459038699681073
77564.0,0.11962716481917984,-1.5958580047699356,174.19114477322444,Clouds,2.4057153730321055,12.0,767.3438623397203,12.000177316863141,12.0,200.0,171.73120861741108,0.0025595836114720417,-162.19499686784073,18.404141995230066,0.05422078278124568
77565.0,0.11804120000609242,-1.5371367617483882,174.13245704623054,Clouds,2.3974627791892282,12.0,762.9332388387336,12.000175774755494,12.0,200.0,171.68113886857884,0.0025448713550983784,-162.13627562481918,18.46286323825161,0.053855398462484605
77566.0,0.11646757818101289,-1.4787136439705464,174.07406803232647,Clouds,2.3893499491458083,12.0,758.5614783401547,12.000174205588213,12.0,200.0,171.63122383004776,0.0025302887317470634,-162.07785250704134,18.521286356029453,0.053494253132915025
77567.0,0.11490675105550274,-1.4206012986540202,174.0159903869947,Clouds,2.3813773316703224,12.0,754.2292610792833,12.00017260898038,12.0,200.0,171.58147568854918,0.0025158380104388194,-162.01974016172483,18.57939870134598,0.05313736677518621
77568.0,0.11335919860943705,-1.3628127153824234,173.95823710800596,Clouds,2.373545364079073,12.0,749.937277860086,12.000170984554627,12.0,200.0,171.53190698351386,0.0025015214954476474,-161.9619515784532,18.637187284617575,0.05278476041300223
77569.0,0.1118253737441815,-1.30536120019883,173.90082150950263,Clouds,2.3658544656686598,12.0,745.6862280458787,12.000169331937602,12.0,200.0,171.4825305878885,0.002487341519598464,-161.9045000632696,18.694638799801172,0.05243645594547605
77570.0,0.11030573720141473,-1.2482603894100983,173.843757235785,Clouds,2.3583050365669984,12.0,741.4768205409836,12.000167650760812,12.0,200.0,171.4333597229899,0.0024733004475415575,-161.8473992524809,18.7517396105899,0.052092476228079033
77571.0,0.10880074838264248,-1.1915242444544305,173.78705825616268,Clouds,2.3508974539009095,12.0,737.3097733885098,12.000165940661336,12.0,200.0,171.3844079572214,0.002459400674410928,-161.7906631075252,18.80847575554557,0.05175284504038515
77572.0,0.10731086478474744,-1.135167049723377,173.73073886276,Clouds,2.3436320683108454,12.0,733.1858136204374,12.000164201282624,12.0,200.0,171.33568920737468,0.0024456446253242215,-161.73430591279416,18.86483295027662,0.051417587074487334
77573.0,0.1058365414272121,-1.0792034096878038,173.67481366762374,Clouds,2.3365092003217796,12.0,729.1056770884293,12.000162432275307,12.0,200.0,171.2872177393787,0.0024320347548183793,-161.67834227275858,18.920796590312197,0.05108672792323779
77574.0,0.10437823036835392,-1.0236482489392311,173.6192976027449,Clouds,2.3295291370260576,12.0,725.0701085396888,12.000160633298114,12.0,200.0,171.2390081716308,0.002418573547102672,-161.62278711201,18.97635175106077,0.05076029408803925
77575.0,0.102936379735584,-0.9685167931071483,173.5642059009604,Clouds,2.322692126324126,12.0,721.0798603402908,12.000158804018584,12.0,200.0,171.1910754617586,0.0024052635118001894,-161.56765565617792,19.03148320689285,0.05043831287766007
77576.0,0.1015114338100293,-0.9138245892874831,173.50955411635448,Clouds,2.3159983761040386,12.0,717.135694101608,12.000156944114316,12.0,200.0,171.143434927707,0.002392107189373016,-161.5129634523583,19.086175410712517,0.05012081254339564
77577.0,0.10010383176570486,-0.8595874743030162,173.45535809250467,Clouds,2.309448046873886,12.0,713.2383785623964,12.000155053273629,12.0,200.0,171.09610222352003,0.002379107144057628,-161.4587263373738,19.140412525696984,0.04980782211073914
77578.0,0.09871400746558884,-0.8058215823931579,173.40163397014624,Clouds,2.3030412493300902,12.0,709.388690367207,12.000153131196726,12.0,200.0,171.04909334936977,0.0023662659664613946,-161.40496044546396,19.194178417606842,0.04949937144639347
77579.0,0.09734238878186346,-0.7525433336750552,173.34839817561144,Clouds,2.296778039556191,12.0,705.587413491683,12.00015117759671,12.0,200.0,171.00242464483884,0.0023535862716455767,-161.35168219674583,19.247456666324943,0.04919549121639624
77580.0,0.09598939711142818,-0.6997694289677258,173.29566741562905,Clouds,2.2906584150361238,12.0,701.8353391651383,12.000149192200702,12.0,200.0,170.9561127877081,0.002341070698867075,-161.2989082920385,19.300230571032277,0.04889621288481541
77581.0,0.09465544643460555,-0.64751682547122,173.24345865298451,Clouds,2.284682308523996,12.0,698.1332644737471,12.000147174750731,12.0,200.0,170.91017477585336,0.0023287219069191767,-161.246655688542,19.35248317452878,0.04860156860716402
77582.0,0.09334094341082783,-0.5958027515214276,173.19178912124184,Clouds,2.278849586550432,12.0,694.481993779518,12.000145125005234,12.0,200.0,170.8646279433418,0.002316542578864736,-161.1949416145922,19.40419724847857,0.04831159134962572
77583.0,0.09204628618532845,-0.5446446694121506,173.1406762875483,Clouds,2.273160042063828,12.0,690.8823364940008,12.000143042739868,12.0,200.0,170.81948993076622,0.0023045354146100662,-161.14378353248296,19.45535533058785,0.04802631471826975
77584.0,0.09077186423667966,-0.49406027726687185,173.09013785447638,Clouds,2.267613391760564,12.0,687.3351076618687,12.000140927748879,12.0,200.0,170.77477868970385,0.0022927031328515567,-161.09319914033765,19.505939722733128,0.04774577301197795
77585.0,0.08951805777975214,-0.4440674917376708,173.0401917426969,Clouds,2.262209271429882,12.0,683.8411272238715,12.000138779846285,12.0,200.0,170.73051247009562,0.0022810484686171507,-161.04320635480846,19.55593250826233,0.04747000117139091
77586.0,0.08828523737480293,-0.39468443696771266,172.9908560799135,Clouds,2.25694723226589,12.0,680.4012197573646,12.00013659886717,12.0,200.0,170.68670981288162,0.0022695741724008435,-160.99382330003849,19.605315563032285,0.04719903476604663
77587.0,0.08707376311551385,-0.3459294146461239,172.94214917089604,Clouds,2.2518267354864587,12.0,677.0162129359048,12.00013438466868,12.0,200.0,170.64338952552805,0.0022582830050244455,-160.94506827771693,19.654070585353875,0.04693290988149906
77588.0,0.08588398483168935,-0.2978209126515782,172.89408950608677,Clouds,2.2468471514494706,12.0,673.686938706821,12.000132137131725,12.0,200.0,170.60057069141706,0.002247177741565537,-160.89695977572237,19.702179087348423,0.04667166322025574
77589.0,0.08471624107296838,-0.25037756254775406,172.84669571907827,Clouds,2.242007753774532,12.0,670.4142309415938,12.000129856161815,12.0,200.0,170.55827263337721,0.002236261163519977,-160.84951642561856,19.749622437452246,0.046415331926505696
77590.0,0.0835708591108113,-0.20361813571309245,172.79998658270924,Clouds,2.2373077180813765,12.0,667.1989257978292,12.000127541690594,12.0,200.0,170.51651491100355,0.0022255360600093193,-160.80275699878388,19.796381864286907,0.04616395362430297
77591.0,0.0824481545329856,-0.1575615207425181,172.75398098644004,Clouds,2.232746119332697,12.0,664.0418608023614,12.000125193677071,12.0,200.0,170.47531730075153,0.002215005224722369,-160.7567003838133,19.84243847925748,0.04591756635582238
77592.0,0.08134841896508732,-0.1122267072192033,172.7086979200952,Clouds,2.2283219304909117,12.0,660.9438743912582,12.000122812108957,12.0,200.0,170.43469978104872,0.0022046714543808112,-160.71136557029,19.887773292780796,0.04567620855557042
77593.0,0.08027196669888464,-0.06763275476306714,172.6641564428891,Clouds,2.2240340204803175,12.0,657.9058044558806,12.000120397003721,12.0,200.0,170.3946825034605,0.0021945375438893813,-160.66677161783386,19.932367245236932,0.045439918948272234
77594.0,0.07921906585697425,-0.023798782674063556,172.62037567303662,Clouds,2.2198811550160666,12.0,654.9284883060336,12.000117948410084,12.0,200.0,170.35528578146284,0.002184606286212956,-160.62293764574486,19.976201217325936,0.045208736557725566
77595.0,0.07818998300380081,0.019256055036262737,172.57737476276046,Clouds,2.2158619969001663,12.0,652.0127616331312,12.000115466409149,12.0,200.0,170.31653006522305,0.0021748804689180378,-160.57988280803454,20.019256055036262,0.0449827006372477
77596.0,0.07718497212109093,0.06151259145454931,172.5351728764545,Clouds,2.2119751076431458,12.0,649.1594576856567,12.000112951115632,12.0,200.0,170.278435918193,0.0021653628714223914,-160.53762627161626,20.061512591454548,0.044761850618360306
77597.0,0.07620427466218371,0.10295166543513175,172.49378917198715,Clouds,2.2082189504624212,12.0,646.3694066447724,12.00011040267912,12.0,200.0,170.24102399545032,0.002156056262912299,-160.49618719763566,20.102951665435135,0.044546226074430255
77598.0,0.07524811933680292,0.14355415418253642,172.45324276809927,Clouds,2.204591893183819,12.0,643.6434340457647,12.000107821284963,12.0,200.0,170.2043150083033,0.0021469633970770696,-160.45558470888824,20.14355415418254,0.0443358666121465
77599.0,0.07431672244327114,0.18330098521916782,172.41355273240788,Clouds,2.201092214293933,12.0,640.9823605660168,12.00010520715561,12.0,200.0,170.1683297062465,0.002138087011401791,-160.4158378778516,20.183300985219166,0.04413081186744162
77600.0,0.07341028792964283,0.22217316213358823,172.3747380556373,Clouds,2.1977181090292226,12.0,638.3870008532499,12.000102560551541,12.0,200.0,170.13308884517866,0.0021294298232587623,-160.37696570093718,20.22217316213359,0.0439311014294065
77601.0,0.07252900759522518,0.2601517867273958,172.33681762945076,Clouds,2.194467697175101,12.0,635.8581625625883,12.000099881772272,12.0,200.0,170.0986131574964,0.0021209945266954925,-160.3389870763434,20.2601517867274,0.04373677477925757
77602.0,0.0716730614262,0.29721807760722546,172.2998102278375,Clouds,2.1913390325710953,12.0,633.3966455909201,12.00009717115732,12.0,200.0,170.06492332402073,0.0021127837898807984,-160.30192078546355,20.297218077607226,0.0435478712457025
77603.0,0.07084261767942185,0.3333534018223267,172.2637344754622,Clouds,2.1883301129328867,12.0,631.0032404023293,12.000094429086797,12.0,200.0,170.03203993263892,0.00210480024951905,-160.26578546124847,20.33335340182233,0.043364429890390285
77604.0,0.07003783348627468,0.368539286034124,172.22860883647442,Clouds,2.185438892835037,12.0,628.678727671514,12.000091655982386,12.0,200.0,169.9999834541445,0.0020970465096607402,-160.23059957703666,20.368539286034128,0.04318648949488629
77605.0,0.06925885519656189,0.40275744073853087,172.1944515902739,Clouds,2.1826632969373794,12.0,626.4238770137662,12.000088852307911,12.0,200.0,169.9687742048583,0.002089525137466154,-160.19638142233225,20.40275744073853,0.04301408847823401
77606.0,0.06850581892225355,0.43598977749511686,172.16128081426757,Clouds,2.180001235081829,12.0,624.239446136817,12.000086018569982,12.0,200.0,169.93843231433956,0.002082238660376229,-160.1631490855757,20.435989777495116,0.042847264846158944
77607.0,0.06777885083209567,0.46821843873069025,172.12911435406204,Clouds,2.1774506175493227,12.0,622.1261791284911,12.000083155318173,12.0,200.0,169.90897768043763,0.002075189560400786,-160.1309204243401,20.46821843873069,0.04268605607510179
77608.0,0.06707806792752102,0.4994258077524885,172.09796981343789,Clouds,2.1750093729188515,12.0,620.0848060189413,12.000080263145605,12.0,200.0,169.88042994142543,0.002068380272658298,-160.09971305531832,20.499425807752488,0.04253049909360359
77609.0,0.06640357855385731,0.5295945316153426,172.06786453147993,Clouds,2.1726754656682115,12.0,618.1160414762317,12.000077342689071,12.0,200.0,169.85280843561418,0.0020618131810248262,-160.06954433145546,20.529594531615345,0.04238063019750174
77610.0,0.06575548307934487,0.5587075376017149,172.0388155660933,Clouds,2.1704469148017123,12.0,616.2205839157582,12.000074394629218,12.0,200.0,169.8261321662947,0.0020554906151633683,-160.0404313254691,20.558707537601713,0.042236484996842696
77611.0,0.06513387431212742,0.586748062368846,172.01083966486394,Clouds,2.1683218117028162,12.0,614.3991137959455,12.000071419690189,12.0,200.0,169.8004197548607,0.0020494148448389105,-160.01239080070195,20.586748062368848,0.04209809830041064
77612.0,0.0645388383434331,0.6136996627055489,171.98395325429985,Clouds,2.166298339244683,12.0,612.6522931453266,12.000068418639739,12.0,200.0,169.77568941096038,0.0020435880783409386,-159.98543920036522,20.61369966270555,0.041965504094775986
77613.0,0.06397045510463728,0.6395462396305371,171.95817241574215,Clouds,2.164374789281146,12.0,610.9807642726163,12.000065392288782,12.0,200.0,169.75195889100078,0.0020380124581807066,-159.95959262344024,20.639546239630533,0.0418387354602234
77614.0,0.06342879904493204,0.6642720574120143,171.93351286635414,Clouds,2.1625495794915763,12.0,609.3851488858821,12.00006234149102,12.0,200.0,169.72924546234438,0.0020326900581531045,-159.93486680565877,20.664272057412013,0.04171782451818388
77615.0,0.06291393945552975,0.6878617789255024,171.90998992378567,Clouds,2.1608212674873464,12.0,607.866046262172,12.000059267141907,12.0,200.0,169.7075658539922,0.002027622877231194,-159.9112770841453,20.6878617789255,0.04160280230609539
77616.0,0.06242594147407332,0.7103004699355542,171.8876185018936,Clouds,2.159188565226388,12.0,606.4240335555486,12.000056170178562,12.0,200.0,169.68693623785282,0.0020228128405937037,-159.88883839313525,20.710300469935554,0.041493698814369206
77617.0,0.061964866188767564,0.7315736443578862,171.8664130655134,Clouds,2.1576503478743967,12.0,605.0596636175941,12.00005305157822,12.0,200.0,169.66737217480448,0.00201826179235501,-159.8675652187129,20.731573644357887,0.04139054283451924
77618.0,0.06153077108542471,0.7516672936226676,171.8463876011202,Clouds,2.1562056609059708,12.0,603.7734640310453,12.000049912357118,12.0,200.0,169.64888857831525,0.002013971492341696,-159.84747156944812,20.751667293622667,0.04129336189896478
77619.0,0.06112371078498269,0.7705679019405519,171.82755560157585,Clouds,2.154853724854284,12.0,602.5659372457975,12.000046753569887,12.0,200.0,169.63149969441804,0.002009943616546209,-159.82857096113025,20.770567901940552,0.04120218230349322
77620.0,0.06074373689804391,0.7882625016656766,171.80993001081328,Clouds,2.1535939334384806,12.0,601.437558359687,12.000043576307384,12.0,200.0,169.6152190484234,0.002006179749724348,-159.81087636140512,20.788262501665677,0.04111702895140241
77621.0,0.060390898536005766,0.804738697320791,171.7935231998331,Clouds,2.152425850062341,12.0,600.3887751327526,12.000040381695694,12.0,200.0,169.60005942440458,0.002002681385442834,-159.79440016575,20.804738697320794,0.04103792536619085
77622.0,0.06006524213417269,0.8199847204154993,171.77834691193522,Clouds,2.1513491980725323,12.0,599.4200062540261,12.000037170893837,12.0,200.0,169.5860328202913,0.0019994499202979485,-159.77915414265527,20.819984720415498,0.04096489357135519
77623.0,0.059766811891633964,0.8339894540201576,171.7644122381676,Clouds,2.150363849257543,12.0,598.5316417474038,12.000033945092726,12.0,200.0,169.573150434779,0.001996486655269372,-159.76514940905062,20.833989454020156,0.04089795413107839
77624.0,0.05949564931538692,0.8467424975043424,171.75172955264867,Clouds,2.1494698057540447,12.0,597.7240410022443,12.000030705512373,12.0,200.0,169.56142262088278,0.0019937927891509675,-159.75239636556643,20.846742497504344,0.04083712601184308
77625.0,0.05925179337893499,0.8582342005055181,171.7403084786322,Clouds,2.148667180869554,12.0,596.997532914772,12.000027453400344,12.0,200.0,169.55085887116144,0.0019913694190224493,-159.74090466256527,20.858234200505517,0.040782426601173136
77626.0,0.05903528005545283,0.8684557239467723,171.73015782755124,Clouds,2.1479561752736567,12.0,596.3524144113256,12.00002419002892,12.0,200.0,169.54146778067235,0.0019892175353234723,-159.730683139124,20.868455723946774,0.04073387160525393
77627.0,0.058846142452983974,0.8773990700342017,171.72128556905406,Clouds,2.1473370534591854,12.0,595.7889509849628,12.000020916693575,12.0,200.0,169.53325704049843,0.0019873380236435528,-159.7217397930366,20.877399070034205,0.04069147509644464
77628.0,0.058684410208860394,0.8850571441967582,171.713698769133,Clouds,2.1468101168697893,12.0,595.3073751830784,12.000017634709799,12.0,200.0,169.52623340285712,0.0019857316596773042,-159.714081718874,20.885057144196757,0.0406552494060919
77629.0,0.058550109203022616,0.8914237987041285,171.70740354656314,Clouds,2.146375678271139,12.0,594.9078861635553,12.000014345410511,12.0,200.0,169.52040266319483,0.0019843991077439158,-159.70771506436665,20.89142379870413,0.04062520509717362
77630.0,0.058443261566107685,0.8964938586226188,171.70240504698742,Clouds,2.146034038365396,12.0,594.5906501949388,12.000011050144165,12.0,200.0,169.51576965761518,0.001983340922455557,-159.70264500444816,20.89649385862262,0.04060135100687211
77631.0,0.05836388504928891,0.9002631740633713,171.69870739074636,Clouds,2.1457854625275528,12.0,594.3557992497272,12.000007750271172,12.0,200.0,169.51233823407378,0.0019825575440250973,-159.69887568900742,20.900263174063372,0.0405836941450059
77632.0,0.05831199303746787,0.9027286377016408,171.69631365540536,Clouds,2.145630163004763,12.0,594.2034314783829,12.000004447161738,12.0,200.0,169.5101112526675,0.0019820492998472395,-159.69641022536914,20.90272863770164,0.04057223973307309
77633.0,0.05828759412805484,0.9038882184432734,171.69522584216367,Clouds,2.1455682837701198,12.0,594.1336102895484,12.00000114219241,12.0,200.0,169.5090905672559,0.001981816401430447,-159.6952506446275,20.90388821844327,0.04056699113764394
77634.0,0.058292669009722575,0.9036470113481715,171.69544487696407,Clouds,2.145599892334857,12.0,594.1463652018972,11.999997836744123,12.0,200.0,169.50927703469335,0.0019818589472384166,-159.69549185172264,20.90364701134817,0.04056794993585039
77635.0,0.058326284226909386,0.9020495408096679,171.69697058883537,Clouds,2.145724974832119,12.0,594.2416908053485,11.99999453219842,12.0,200.0,169.5106704981649,0.001982176919225061,-159.69708932226112,20.902049540809667,0.040575115838335535
77636.0,0.05838739126994846,0.8991466963031723,171.699801723055,Clouds,2.1459434386850647,12.0,594.4195474570639,11.999991229935217,12.0,200.0,169.51326979762885,0.0019827701851561053,-159.69999216676763,20.899146696303173,0.04058848674108321
77637.0,0.05847598046868524,0.8949408457747561,171.70393594153416,Clouds,2.146255119358774,12.0,594.6798607108027,11.999987931329295,12.0,200.0,169.51707276349342,0.00198363849670562,-159.70419801729602,20.894940845774755,0.04060805868194736
77638.0,0.05859203782958772,0.8894354074774503,171.70936985572519,Clouds,2.146659794094982,12.0,595.0225223670474,11.999984637748359,12.0,200.0,169.522076235713,0.0019847814929588635,-159.70970345559334,20.88943540747745,0.04063382591718758
77639.0,0.05873554501211997,0.8826348360127224,171.7160990405023,Clouds,2.147157198362863,12.0,595.4473899264409,11.999981350549437,12.0,200.0,169.52827606126132,0.001986198698589145,-159.71650402705808,20.882634836012723,0.040665780878141676
77640.0,0.058906479616114005,0.874544589212448,171.72411806722,Clouds,2.1477470469712188,12.0,595.9542869167889,11.999978071076148,12.0,200.0,169.53566710605716,0.001987889524948586,-159.72459427385834,20.874544589212448,0.04070391419160851
77641.0,0.05910481571819698,0.865171079126722,171.73342055268276,Clouds,2.1484290586875994,12.0,596.5430039556311,11.999974800656755,12.0,200.0,169.54424327923928,0.001989853273612477,-159.73396778394405,20.865171079126725,0.04074821475586681
77642.0,0.05933052390956833,0.8545216427902879,171.74399918830258,Clouds,2.1492029807853648,12.0,597.2132983587874,11.999971540600649,12.0,200.0,169.55399753781182,0.001992089135073529,-159.7446172202805,20.85452164279029,0.0407986697053941
77643.0,0.05958357178588419,0.8426044880728663,171.75584579420783,Clouds,2.1500686156770064,12.0,597.964895205837,11.999968292196476,12.0,200.0,169.56492191404544,0.0019945961922959283,-159.75653437499793,20.842604488072865,0.04085526448538446
77644.0,0.05986392403647067,0.8294286552560717,171.76895135759844,Clouds,2.1510258457064007,12.0,598.7974873565719,11.999965056709023,12.0,200.0,169.57700752904626,0.001997373420770218,-159.7697102078147,20.829428655256073,0.04091798284578836
77645.0,0.060171542911200304,0.8150039579666837,171.78330609178272,Clouds,2.152074657769018,12.0,599.7107368017062,11.999961835377833,12.0,200.0,169.5902446270783,0.002000419693018782,-159.7841349051041,20.815003957966685,0.04098680693537418
77646.0,0.06050638813637271,0.7993409474988478,171.79889947178683,Clouds,2.15321516379423,12.0,600.7042746053894,11.999958629414074,12.0,200.0,169.6046225907035,0.00200373377840409,-159.79979791557193,20.799340947498848,0.041061717289109526
77647.0,0.06086841716943242,0.7824508589888295,171.815720288149,Clouds,2.154447619412835,12.0,601.7777021377324,11.999955439999091,12.0,200.0,169.6201299758241,0.0020073143472399578,-159.81668800408195,20.78245085898883,0.04114269291204971
77648.0,0.061257585043464846,0.7643455748819837,171.83375668339602,Clouds,2.155772437780306,12.0,602.9305913765344,11.999952268281834,12.0,200.0,169.63675453432353,0.0020111599717980043,-159.8347932881888,20.764345574881983,0.04122971129216186
77649.0,0.06167384449893054,0.7450375733630479,171.8529962035933,Clouds,2.1571902005852457,12.0,604.162486373689,11.99994911537794,12.0,200.0,169.65448325450754,0.0020152691311990543,-159.85410128970773,20.74503757336305,0.0413227485005327
77650.0,0.06211714562552184,0.7245398982403166,171.8734258284078,Clouds,2.158701663479077,12.0,605.472903565908,11.999945982367295,12.0,200.0,169.67330238572458,0.002019640212449601,-159.87459896483048,20.724539898240316,0.04142177920410283
77651.0,0.06258743561422425,0.7028661224955957,171.89503200752458,Clouds,2.160307757962995,12.0,606.861332713628,11.999942870292529,12.0,200.0,169.69319747283674,0.0020242715135736604,-159.89627274057517,20.702866122495593,0.04152677672484547
77652.0,0.06308465857953977,0.6800303077408512,171.9178007011779,Clouds,2.162009589770477,12.0,608.3272383256674,11.999939780158407,12.0,200.0,169.714153398272,0.0020291612483649187,-159.91910855532993,20.68003030774085,0.04163771313542455
77653.0,0.06360875495347867,0.6560469827205296,171.94171740160286,Clouds,2.1638084323240143,12.0,609.8700600651624,11.999936712929758,12.0,200.0,169.73615441000135,0.0020343075477407854,-159.94309188035027,20.656046982720532,0.04175455927750292
77654.0,0.06415966111385868,0.6309311104805032,171.9667671658543,Clouds,2.1657057178872186,12.0,611.4892140749532,11.999933669530892,12.0,200.0,169.75918416311785,0.0020397084641634085,-159.96820775259027,20.630931110480503,0.04187728484921562
77655.0,0.06473730884322809,0.6046980630259994,171.99293464112992,Clouds,2.167703025478443,12.0,613.1840939873632,11.999930650844743,12.0,200.0,169.7832257571835,0.002045361975007934,-159.99444080004477,20.604698063026,0.04200585846799509
77656.0,0.06534162468075427,0.5773636006858346,172.02020408538095,Clouds,2.169802066211925,12.0,614.9540717691214,11.999927657711716,12.0,200.0,169.80826177144763,0.002051265985380864,-160.02177526238495,20.577363600685835,0.042140247721402124
77657.0,0.06597252938094983,0.548943846649944,172.04855939277056,Clouds,2.172004667301585,12.0,616.7984989933273,11.999924690929502,12.0,200.0,169.83427430621956,0.002057418332362875,-160.05019501642084,20.548943846649944,0.042280419249421636
77658.0,0.06662993725683364,0.5194552669813541,172.07798411364917,Clouds,2.1743127544221084,12.0,618.7167078440388,11.999921751252504,12.0,200.0,169.8612450204202,0.0020638167883597616,-160.0796835960894,20.519455266981353,0.042426338806831096
77659.0,0.06731375553829727,0.4889146503181111,172.10846147484628,Clouds,2.1767283333485006,12.0,620.7080122016494,11.999918839391544,12.0,200.0,169.889155170167,0.002070459064722867,-160.11022421275268,20.48891465031811,0.042577971330750614
77660.0,0.06802388374879392,0.457339087329176,172.1399744002139,Clouds,2.1792534712926455,12.0,622.7717087829017,11.999915956013844,12.0,200.0,169.91798564790756,0.002077342815551756,-160.14179977574162,20.457339087329174,0.04273528101370566
77661.0,0.0687602130242575,0.42474595348159233,172.17250552785086,Clouds,2.181890278048168,12.0,624.9070780800082,11.999913101742628,12.0,200.0,169.947717018443,0.002084465640826789,-160.1743929095892,20.42474595348159,0.04289823135969407
77662.0,0.06952262556003691,0.39115288702913065,172.20603723212477,Clouds,2.184640887925974,12.0,627.1133856122997,11.99991027715763,12.0,200.0,169.9783295589334,0.0020918250905841655,-160.20798597604167,20.39115288702913,0.04306678526539934
77663.0,0.07031099402662194,0.35657776951798753,172.24055164317173,Clouds,2.187507442190512,12.0,629.3898829973394,11.999907482795331,12.0,200.0,170.00980329589427,0.0020994186684887835,-160.2425610935528,20.35657776951799,0.043240905086899324
77664.0,0.07112518098348047,0.3210387076239582,172.27603066505856,Clouds,2.1904920723165704,12.0,631.7358089051667,11.999904719148951,12.0,200.0,170.0421180400441,0.0021072438350172463,-160.27810015544685,20.321038707623956,0.043420552697899295
77665.0,0.07196503841137475,0.28455401122306884,172.31245599772836,Clouds,2.1935968846756277,12.0,634.1503902251671,11.999901986669174,12.0,200.0,170.0752534234885,0.0021152980113501294,-160.3145848518477,20.284554011223072,0.043605689564250975
77666.0,0.07283040729959328,0.2471421707178041,172.34980915969692,Clouds,2.196823946549169,12.0,636.6328432424649,11.999899285765224,12.0,200.0,170.10918893632822,0.002123578583295998,-160.35199669235297,20.247142170717805,0.04379627681954896
77667.0,0.07372111712685064,0.20882184071475868,172.38807150436355,Clouds,2.2001752729490307,12.0,639.1823743443816,11.999896616804314,12.0,200.0,170.1439039561099,0.0021320829036479017,-160.39031702235604,20.208821840714755,0.04399227530458462
77668.0,0.07463698563477839,0.16961181293998845,172.42722424714117,Clouds,2.203652815771924,12.0,641.7981813996797,11.999893980113754,12.0,200.0,170.17937778571013,0.0021408082967840363,-160.4295270501308,20.169611812939987,0.044193645659107814
77669.0,0.07557781844139677,0.12953099812104216,172.46724848356945,Clouds,2.2072584536060447,12.0,644.4794544938351,11.99989137598073,12.0,200.0,170.21558968159934,0.002149752061120347,-160.46960786494975,20.129530998121044,0.0444003483640771
77670.0,0.07654340888167527,0.08859840027984775,172.50812521506506,Clouds,2.2109939836340566,12.0,647.2253771318586,11.999888804654285,12.0,200.0,170.25251888761068,0.0021589114731227115,-160.51054046279094,20.088598400279846,0.04461234382031962
77671.0,0.0775335377445297,0.04683309771587309,172.54983536793165,Clouds,2.214861114334969,12.0,650.0351269519418,11.999886266345015,12.0,200.0,170.2901446612067,0.002168283789687404,-160.55230576535493,20.046833097715876,0.04482959238997741
77672.0,0.07854797322516205,0.0042542171924652965,172.5923598192222,Clouds,2.2188614601472683,12.0,652.9078768666066,11.999883761227307,12.0,200.0,170.328446304604,0.0021778662519475606,-160.59488464587832,20.004254217192464,0.045052054470919346
77673.0,0.07958647082786552,-0.03911908732265791,172.63567941801213,Clouds,2.2229965370075218,12.0,655.8427958689732,11.99988128943998,12.0,200.0,170.36740319045833,0.002187656087962604,-160.63825795039347,19.96088091267734,0.04527969054629603
77674.0,0.08064877335462839,-0.08326765706029002,172.67977500782192,Clouds,2.2272677592067005,12.0,658.839049894928,11.99987885108717,12.0,200.0,170.4069947873769,0.002197650515594118,-160.68240652013105,19.91673234293971,0.04551246123832598
77675.0,0.08173461096660123,-0.1281723513677527,172.7246274495687,Clouds,2.2316764374234994,12.0,661.8958027078058,11.999876446239906,12.0,200.0,170.44720068478068,0.0022078467454568385,-160.72731121443854,19.871827648632248,0.045750327364522766
77676.0,0.08284371184069456,-0.1738140695142099,172.77021764339548,Clouds,2.2362237777082816,12.0,665.0122166988039,11.999874074937194,12.0,200.0,170.48800061569926,0.0022182419835885393,-160.772952932585,19.826185930485792,0.04599324998792515
77677.0,0.08397575905615179,-0.22017377223279952,172.8165265502423,Clouds,2.240910881393323,12.0,668.1874536690808,11.999871737187366,12.0,200.0,170.52937447838303,0.002228833434058841,-160.81931263530356,19.779826227767202,0.0462411904659445
77678.0,0.08513045731474911,-0.26723250287415157,172.86353521301788,Clouds,2.245738745842571,12.0,671.420675588922,11.999869432968907,12.0,200.0,170.5713023566767,0.0022396183015015074,-160.86637136594493,19.73276749712585,0.046494110498611116
77679.0,0.08630748769793611,-0.3149714076461937,172.91122477688384,Clouds,2.250708265894212,12.0,674.711045307038,11.999867162232501,12.0,200.0,170.61376453881664,0.002250593793480415,-160.91411027071698,19.685028592353806,0.04675197217299605
77680.0,0.08750651963834555,-0.36337175563236346,172.95957650928375,Clouds,2.2558202359845096,12.0,678.0577272580008,11.999864924901546,12.0,200.0,170.65674153529116,0.0022617571228493037,-160.96251061870316,19.636628244367635,0.04701473800806076
77681.0,0.08872721124262906,-0.4124149573948027,173.00857181858618,Clouds,2.261075352747778,12.0,681.459888095099,11.99986272087397,12.0,200.0,170.70021409484417,0.0022731055098627567,-161.0115538204656,19.5875850426052,0.04728237099422342
77682.0,0.08996920968026079,-0.46208258388540485,173.05819227301197,Clouds,2.2664742181975477,12.0,684.9166973679971,11.999860550022989,12.0,200.0,170.7441632201771,0.002284636184436625,-161.06122144695618,19.537917416114595,0.04755483463734191
77683.0,0.09123215155571801,-0.5123563824180113,173.10841961665008,Clouds,2.2720173430711728,12.0,688.4273280271703,11.999858412199117,12.0,200.0,170.7885701805899,0.002296346387830645,-161.11149524548878,19.487643617581988,0.0478320929890071
77684.0,0.09251566337907774,-0.5632182943959783,173.15923578719662,Clouds,2.2777051507735733,12.0,691.9909570802097,11.999856307230692,12.0,200.0,170.83341652573327,0.002308233374837634,-161.16235715746677,19.43678170560402,0.0481141106897546
77685.0,0.09381936201957602,-0.61465047025649,173.21062293093294,Clouds,2.283537981370187,12.0,695.6067660911971,11.999854234925435,12.0,200.0,170.87868409656207,0.002320294415449227,-161.21378933332727,19.38534952974351,0.048400853000694084
77686.0,0.09514285515793136,-0.6666352824062617,173.26256341569703,Clouds,2.2895160956471545,12.0,699.2739415750239,11.999852195072082,12.0,200.0,170.92435503422337,0.0023325267961711825,-161.26577414547705,19.33336471759374,0.048692285826515885
77687.0,0.09648574188519898,-0.7191553420508611,173.31503984771643,Clouds,2.2956396798565932,12.0,702.9916757034073,11.999850187440572,12.0,200.0,170.97041179209495,0.0023449278223783977,-161.31829420512165,19.28084465794914,0.048988375764911524
77688.0,0.0978476131494112,-0.7721935082732351,173.36803508073524,Clouds,2.301908849783042,12.0,706.759166507738,11.999848211784254,12.0,200.0,171.01683714083637,0.002357494818991537,-161.37133237134404,19.227806491726763,0.04928909011579961
77689.0,0.09922805233536175,-0.8257329007192733,173.4215322287152,Clouds,2.3083236553725084,12.0,710.5756183742025,11.999846267840619,12.0,200.0,171.0636141764282,0.0023702251321285825,-161.42487176379007,19.174267099280726,0.04959439691447833
77690.0,0.10062663585351772,-0.879756911094274,173.4755146773528,Clouds,2.314884085355652,12.0,714.4402424979372,11.999844355332238,12.0,200.0,171.11072632703483,0.0023831161306197275,-161.47889577416507,19.120243088905728,0.049904264962315384
77691.0,0.10204293368045986,-0.9342492113859153,173.52996609233207,Clouds,2.321590071570402,12.0,718.3522571462416,11.999842473968148,12.0,200.0,171.1581573569188,0.0023961652068853635,-161.5333880744567,19.065750788614086,0.05021866384288319
77692.0,0.10347650995082613,-0.9891937628227185,173.58487042830447,Clouds,2.328441493434782,12.0,722.3108880141588,11.999840623444822,12.0,200.0,171.2058913709244,0.0024093697781221663,-161.5883326258935,19.01080623717728,0.05053756394529874
77693.0,0.1049269235444697,-1.0445748234979193,173.64021193653443,Clouds,2.3354381822910266,12.0,726.3153685259683,11.999838803447181,12.0,200.0,171.2539128177589,0.0024227272873087696,-161.6437136865687,18.955425176502082,0.05086093648452228
77694.0,0.10639372865986757,-1.100376954449788,173.69597517100416,Clouds,2.3425799255773954,12.0,730.3649400649946,11.999837013649714,12.0,200.0,171.30220649191057,0.002436235203972325,-161.6995158175206,18.89962304555021,0.05118875351621691
77695.0,0.10787647547027907,-1.156585027984759,173.7521449967486,Clouds,2.3498664712825486,12.0,734.4588524055496,11.999835253717018,12.0,200.0,171.35075753749788,0.0024498910256293025,-161.75572389105554,18.84341497201524,0.05152098796816949
77696.0,0.10937471059770032,-1.2131842282919918,173.80870659050484,Clouds,2.357297531400059,12.0,738.5963636238397,11.99983352330541,12.0,200.0,171.3995514454744,0.002463692277488314,-161.81232309136277,18.786815771708007,0.05185761363035167
77697.0,0.11088797781474308,-1.2701600600425624,173.8656454493161,Clouds,2.3648727863724788,12.0,742.7767406247474,11.999831822063147,12.0,200.0,171.44857405774803,0.002477636514207263,-161.86929892311332,18.729839939957436,0.05219860519558106
77698.0,0.11241581855720384,-1.3274983492447279,173.92294739141377,Clouds,2.3725918884993904,12.0,746.9992591411235,11.999830149631645,12.0,200.0,171.49781156465707,0.0024917213198909875,-161.9266372123155,18.672501650755272,0.05254393825732021
77699.0,0.11395777251220962,-1.3851852465149315,173.9805985595038,Clouds,2.3804544655971065,12.0,751.2632039418686,11.999828505646205,12.0,200.0,171.54725050458123,0.002505944308785342,-161.9843241095857,18.61481475348507,0.052893589325442913
77700.0,0.1155133781809296,-1.4432072290332814,174.03858542273917,Clouds,2.3884601244319144,12.0,755.5678689754626,11.99982688973678,12.0,200.0,171.59687776247026,0.002520303125755961,-162.04234609210405,18.55679277096672,0.0532475358369912
77701.0,0.11708218155130229,-1.5015511009935976,174.09689477718797,Clouds,2.396608453874823,12.0,759.9125574325227,11.999825301528814,12.0,200.0,171.6466805671522,0.0025347954464969317,-162.10068996406437,18.498448899006405,0.05360575616091524
77702.0,0.11866370323859693,-1.5602039975166304,174.1555137497545,Clouds,2.4048990284732277,12.0,764.2965820948126,11.999823740643599,12.0,200.0,171.69664649165475,0.002549418978694963,-162.1593428605874,18.43979600248337,0.053968229626505305
77703.0,0.12025749055223695,-1.6191533789865953,174.2144297925432,Clouds,2.413331410612802,12.0,768.7192649978515,11.999822206699534,12.0,200.0,171.74676344543417,0.002564171460903968,-162.21829224205737,18.380846621013404,0.05433493649620091
77704.0,0.12186308264623158,-1.6783870363295506,174.27363068813793,Clouds,2.421905154130262,12.0,773.1799379341489,11.999820699312172,12.0,200.0,171.79701967600005,0.0025790506642236776,-162.27752589940036,18.321612963670447,0.05470585800764781
77705.0,0.12348002008840026,-1.7378930866898807,174.33310454529897,Clouds,2.4306198065018534,12.0,777.6779422632807,11.999819218095158,12.0,200.0,171.8474037624374,0.0025940543916661194,-162.33703194976067,18.26210691331012,0.05508097635967651
77706.0,0.12510784536014424,-1.7976599727595932,174.39283979830287,Clouds,2.439474911460843,12.0,782.2126290157454,11.999817762660719,12.0,200.0,171.89790461211985,0.0026091804785020488,-162.39679883583037,18.202340027240407,0.05546027472215151
77707.0,0.12674610331664332,-1.8576764608484277,174.45282520502406,Clouds,2.44847001135666,12.0,786.7833589221572,11.999816332620188,12.0,200.0,171.94851145642676,0.0026244267923583226,-162.45681532391922,18.142323539151572,0.05584373724063221
77708.0,0.12839434162834834,-1.9179316385297254,174.5130498445917,Clouds,2.4576046493695523,12.0,791.3895024285367,11.99981492758451,12.0,200.0,171.99921384618216,0.002639791233268906,-162.5170705016005,18.082068361470274,0.056231349040000905
77709.0,0.1300521111764965,-1.978414910921806,174.57350311368313,Clouds,2.466878371437883,12.0,796.0304396233954,11.999813547164797,12.0,200.0,172.0500016460242,0.002655271733431651,-162.5775537739926,18.021585089078194,0.056623096221036257
77709.847,0.13146336662145064,-2.0298150219973765,174.6248782240345,Clouds,2.4748416728908538,12.0,799.9880761309937,11.99981239691555,12.0,200.0,172.09307841994712,0.002668472987839453,-162.62895388506817,17.970184978002624,0.05695813119653046
