Times,BER,EbNo,Prop_Loss,Weather,Rain_Loss,EIRP,Range,Rcvd_Frequency,g_over_T,Bandwidth,Free_Space_Loss,Propagation_Delay,Rcvd_Iso_Power,C/No,Atmos Loss
39633.473,0.23139681159262593,-5.693367175522922,178.28809551862338,Rain,6.051060284267333,12.0,799.9762041093143,12.000203008849464,12.0,200.0,172.0929495182318,0.002668433387037756,-166.29250603859373,14.306632824477077,0.14408571612424623
39634.0,0.23028408994812255,-5.650213345740411,178.24495501928362,Rain,6.037516953110755,12.0,797.3074631709485,12.000202395582074,12.0,200.0,172.06392472907504,0.0026595314254735133,-166.24935220881122,14.349786654259589,0.14351333709781539
39635.0,0.22817266931282876,-5.56859428599555,178.1633616286271,Rain,6.012100291265469,12.0,792.2658154231026,12.000201214669646,12.0,200.0,172.0088264918763,0.0026427142987803334,-166.16773314906635,14.43140571400445,0.14243484548531482
39636.0,0.22606177225545093,-5.487335327165445,178.0821288369948,Rain,5.9870573250306975,12.0,787.2539550376595,12.000200010834389,12.0,200.0,171.95370516563415,0.0026259965320330355,-166.08647419023623,14.512664672834553,0.1413663463299325
39637.0,0.22395202855769458,-5.406449597451952,178.00126978230003,Rain,5.962392952498025,12.0,782.2724602578969,12.000198783629106,12.0,200.0,171.8985689681691,0.0026093800540435775,-166.00558846052274,14.593550402548047,0.14030786163292489
39638.0,0.2218440875929461,-5.325950724530397,177.9207981020417,Rain,5.938112240792874,12.0,777.3219207079215,12.000197532601423,12.0,200.0,171.84342644505455,0.002592866831586275,-165.92508958760118,14.674049275469603,0.13925941619424287
39639.0,0.2197386181598554,-5.245852838539688,177.84072793629488,Rain,5.914220426928786,12.0,772.4029369488121,12.00019625729376,12.0,200.0,171.78828647186646,0.002576458867917258,-165.8449917016105,14.754147161460311,0.1382210374996738
39640.0,0.21763630545030893,-5.166170600690251,177.76107395630365,Rain,5.890722926370769,12.0,767.516121600243,12.00019495724404,12.0,200.0,171.73315827398952,0.0025601582065157987,-165.765309463761,14.83382939930975,0.13719275594339106
39641.0,0.2155378641790523,-5.086919199400147,177.6818513606192,Rain,5.867625331879099,12.0,762.6620984587331,12.000193631985582,12.0,200.0,171.67805142411135,0.0025439669281431126,-165.68605806247092,14.913080800599852,0.13617460462876851
39642.0,0.21344401917961003,-5.008114371865192,177.6030758966579,Rain,5.8449334199745,12.0,757.8415031725934,12.00019228104766,12.0,200.0,171.62297585718864,0.002527887153093736,-165.607253234936,14.99188562813481,0.13516661949479683
39643.0,0.21135551791240947,-4.929772411792047,177.52476386842915,Rain,5.822653153303757,12.0,753.0549830631865,12.000190903955755,12.0,200.0,171.5679418758587,0.002511921040599315,-165.52891127486282,15.070227588207953,0.13416883926670334
39644.0,0.20927312760184524,-4.851910192538929,177.4469321596597,Rain,5.800790687393005,12.0,748.3031978857175,12.000189500232285,12.0,200.0,171.51296016666458,0.002496070791366331,-165.45104905560973,15.148089807461071,0.1331813056021346
39645.0,0.20719763452680667,-4.774545157029654,177.3695982237129,Rain,5.779352368005899,12.0,743.5868185611968,12.000188069396382,12.0,200.0,171.45804179288916,0.0024803386433463804,-165.37368402010046,15.225454842970347,0.1322040628178482
39646.0,0.20512984444902121,-4.697695351504134,177.29278011731446,Rain,5.758344740850861,12.0,738.9065285886185,12.000186610965027,12.0,200.0,171.40319821829283,0.0024647268764467,-165.29683421457491,15.302304648495866,0.1312371581707652
39647.0,0.20307058217484714,-4.621379428012372,177.2164965030406,Rain,5.737774552392146,12.0,734.2630235536798,12.000185124453315,12.0,200.0,171.34844130890048,0.002449237810891426,-165.22051829108318,15.378620571987627,0.13028064174795484
39648.0,0.20102069114324783,-4.545616649217855,177.1407666541141,Rain,5.717648751399657,12.0,729.6570107911749,12.000183609374792,12.0,200.0,171.2937833363241,0.0024338738060954656,-165.1447555122886,15.454383350782145,0.1293345663903055
39649.0,0.19898103353598534,-4.470426913682539,177.0656104796656,Rain,5.697974495868133,12.0,725.0892103068194,12.000182065242544,12.0,200.0,171.23923699592484,0.002418637263739368,-165.06956577675334,15.52957308631746,0.12839898787260992
39650.0,0.19695248954758976,-4.39583075119361,176.99104852005712,Rain,5.6787591518053695,12.0,720.560353895445,12.000180491569349,12.0,200.0,171.18481540353196,0.0024035306248279434,-164.99496961426442,15.60416924880639,0.1274739647198086
39651.0,0.19493595723045865,-4.3218493404626965,176.91710196455978,Rain,5.66001029783294,12.0,716.0711856440763,12.000178887868662,12.0,200.0,171.13053210842548,0.0023885563713683428,-164.92098820353348,15.678150659537305,0.12655955830136367
39652.0,0.19293235200713799,-4.2485045155617405,176.84379265777537,Rain,5.6417357265827555,12.0,711.622461780024,12.000177253655274,12.0,200.0,171.07640109839127,0.0023737170258633523,-164.84764337863254,15.75149548443826,0.1256558328013536
39653.0,0.1909426061874433,-4.17581877352431,176.7711431072205,Rain,5.623943446161342,12.0,707.2149506276219,12.000175588446094,12.0,200.0,171.02243680585605,0.0023590151511670844,-164.77495763659508,15.824181226475691,0.12476285520313515
39654.0,0.1889676684320134,-4.103815280877241,176.69917648983972,Rain,5.6066416810213155,12.0,702.8494325447326,12.000173891761017,12.0,200.0,170.96865411354224,0.002344453350273183,-164.702954143948,15.89618471912276,0.1238806952761736
39655.0,0.18700850321089796,-4.032517880782483,176.62791665912636,Rain,5.5898388725554335,12.0,698.5266999504198,12.00017216312387,12.0,200.0,170.9150683609886,0.0023300342664071285,-164.63165674385326,15.967482119217518,0.12300942558229785
39656.0,0.18506608994704604,-3.961951089409701,176.5573881414815,Rain,5.573543676669065,12.0,694.2475567637197,12.00017040206305,12.0,200.0,170.86169534344884,0.0023157605811541786,-164.56108995248047,16.038048910590298,0.12214912136363876
39657.0,0.18314142266259248,-3.892140111174503,176.48761615141842,Rain,5.557764965154868,12.0,690.0128190620878,12.000168608113079,12.0,200.0,170.8085513255872,0.0023016350166557152,-164.4912789742453,16.107859888825498,0.12129986067639971
39658.0,0.18123550884520723,-3.8231108260675644,176.41862657888043,Rain,5.5425118198351955,12.0,685.8233141363022,12.00016678081512,12.0,200.0,170.7556530348403,0.0022876603324567366,-164.42224968913834,16.176889173932437,0.12046172420494591
39659.0,0.17934936880745356,-3.754889795212268,176.35044599476785,Rain,5.527793530067409,12.0,681.67988075393,12.00016491971838,12.0,200.0,170.70301766938002,0.002273839326384688,-164.35402865828306,16.245110204787732,0.11963479532040593
39660.0,0.17748403476615404,-3.6875042563870526,176.2831016464346,Rain,5.513619586843289,12.0,677.5833689350866,12.000163024381312,12.0,200.0,170.65066289954981,0.0022601748338014777,-164.28664311945784,16.312495743612946,0.11881916004149379
39661.0,0.17564054966281928,-3.6209821101747623,176.216621443818,Rain,5.499999673695488,12.0,673.5346392974035,12.000161094372496,12.0,200.0,170.59860686321036,0.002246669725418521,-164.22012097324554,16.37901788982524,0.11801490691214445
39662.0,0.17381996641665248,-3.555351921513214,176.15103396094895,Rain,5.48694365929987,12.0,669.5345634984137,12.000159129272511,12.0,200.0,170.54686817455155,0.0022333269087723806,-164.15449078458403,16.444648078486786,0.1172221270975119
39663.0,0.17202334639493438,-3.4906428925736117,176.08636840881576,Rain,5.474461582384725,12.0,665.584023118896,12.000157128674598,12.0,200.0,170.49546591225783,0.0022201493245000044,-164.0897817556444,16.50935710742639,0.11644091417317039
39664.0,0.17025175851668306,-3.4268848578456828,176.02265463040362,Rain,5.462563639014596,12.0,661.6839101114449,12.000155092186766,12.0,200.0,170.44441962716093,0.002207139947834995,-164.02602372091647,16.573115142154318,0.11567136422807095
39665.0,0.16850627758275782,-3.3641082504776483,175.9599230670168,Rain,5.451260161754911,12.0,657.835125740432,12.0001530194326,12.0,200.0,170.3937493295983,0.002194301785071698,-163.96324711354845,16.63589174952235,0.11491357566360451
39666.0,0.1667879830203674,-3.302344082437039,175.89820473839666,Rain,5.440561598599414,12.0,654.0385806446355,12.000150910053252,12.0,200.0,170.3434754905713,0.002181637873774115,-163.90148294550784,16.69765591756296,0.11416764922593722
39667.0,0.1650979570799888,-3.2416239036064627,175.8375312017937,Rain,5.43047848464494,12.0,650.2951939293646,12.000148763708506,12.0,200.0,170.2936190293088,0.002169151279747553,-163.84076276667724,16.758376096393537,0.1134336878399606
39668.0,0.16343728338193148,-3.181979771822469,175.77793452195678,Rain,5.421021411652097,12.0,646.6058932960295,12.00014658007908,12.0,200.0,170.24420131365073,0.0021568450974708293,-163.78111863489326,16.81802022817753,0.11271179665394397
39669.0,0.16180704471219876,-3.1234441940411206,175.7194472122801,Rain,5.412200988110443,12.0,642.9716138095883,12.000144358867484,12.0,200.0,170.1952441413519,0.00214472244598491,-163.72258305711193,16.87655580595888,0.11200208281775544
39670.0,0.16020831493204246,-3.0660500814957894,175.66210218990625,Rain,5.4040277961816034,12.0,639.3932980024342,12.000142099800524,12.0,200.0,170.1467697382019,0.0021327864692394435,-163.66518894456658,16.93394991850421,0.11130465552277093
39671.0,0.15864218111666178,-3.009830675076138,175.60593270108296,Rain,5.396512337755018,12.0,635.8718946721492,12.000139802630347,12.0,200.0,170.09880073753743,0.002121040332082501,-163.6089695381469,16.990169324923862,0.11061962579051843
39672.0,0.15710970526734486,-2.95481947613814,175.55097225192327,Rain,5.389664974128221,12.0,632.4083586249621,12.000137467136714,12.0,200.0,170.05136017135072,0.0021094872194048395,-163.55395833920892,17.04518052386186,0.10994710644432776
39673.0,0.1556119448125559,-2.901050152937363,175.49725451481098,Rain,5.3834958539683795,12.0,629.0036495876093,12.0001350931283,12.0,200.0,170.00447144891652,0.002098130332510264,-163.50018901600816,17.098949847062638,0.10928721192610852
39674.0,0.1541499441479483,-2.84855644815106,175.44481323586734,Rain,5.37801483172974,12.0,625.6587319724551,12.000132680445239,12.0,200.0,169.9581583458638,0.002086972888332151,-163.44769531122185,17.15144355184894,0.10864005827378947
39675.0,0.15272473111040924,-2.7973720553478874,175.39368211139586,Rain,5.373231371324174,12.0,622.3745735658565,12.000130228960264,12.0,200.0,169.91244497717273,0.0020760181150583064,-163.3965109184187,17.20262794465211,0.10800576289898522
39676.0,0.15133731345560797,-2.747530491773958,175.34389466061964,Rain,5.36915443684899,12.0,619.1521449749825,12.000127738580966,12.0,200.0,169.86735577926368,0.0020652692502857515,-163.34666935484475,17.252469508226042,0.1073844445069755
39677.0,0.14998867480450673,-2.6990649480361606,175.29548407532326,Rain,5.36579236648127,12.0,615.9924187225753,12.000125209251692,12.0,200.0,169.8229154858902,0.0020547295380011705,-163.29820381110693,17.30093505196384,0.10677622295175315
39678.0,0.14867977004789595,-2.6520081140780407,175.24848304579834,Rain,5.36315272804986,12.0,612.8963680646698,12.000122640954938,12.0,200.0,169.77914909870347,0.0020444022246372514,-163.25114697714884,17.347991885921957,0.10618121904503446
39679.0,0.14741152053687562,-2.6063919930638035,175.2029235746707,Rain,5.361242155045897,12.0,609.8649664304188,12.000120033713989,12.0,200.0,169.7360818651481,0.0020342905572041403,-163.20553085613457,17.393608006936198,0.1055995544767099
39680.0,0.14618480835826225,-2.56224767784183,175.15883675334035,Rain,5.360066159407994,12.0,606.8991859723496,12.000117387593981,12.0,200.0,169.6937392423584,0.0020243977784536182,-163.16138654091262,17.43775232215817,0.10503135157395682
39681.0,0.1450004702708269,-2.519605110603033,175.11625252159234,Rain,5.359628920202156,12.0,603.999996728602,12.000114702704098,12.0,200.0,169.6521468682138,0.0020147271240846293,-163.11874397367382,17.480394889396965,0.10447673317637315
39682.0,0.1438592908522457,-2.478492809525406,175.07519939420217,Rain,5.359933045013282,12.0,601.1683654884727,12.000111979199383,12.0,200.0,169.61133052673324,0.0020052818189591434,-163.0776316725962,17.521507190474594,0.10393582245562677
39683.0,0.14276199483238888,-2.43893756155235,175.0357041536883,Rain,5.360979302144165,12.0,598.4052544417752,12.000109217281924,12.0,200.0,169.57131610884932,0.001996065072596907,-163.03807642462314,17.56106243844765,0.10340874269483466
39684.0,0.14170923882655045,-2.400964089116155,174.99779151698198,Rain,5.362766321314401,12.0,595.711620299212,12.000106417203327,12.0,200.0,169.53212957850775,0.0019870800762413175,-163.00010295218695,17.599035910883845,0.10289561715986974
39685.0,0.1407016019484678,-2.3645946722579945,174.96148375753162,Rain,5.3652902612715625,12.0,593.0884127280996,12.000103579265442,12.0,200.0,169.49379692741743,0.001978329997641567,-162.9637335353288,17.635405327742006,0.10239656884260964
39686.0,0.13973957573135254,-2.3298487418648834,174.92680029849507,Rain,5.36854444263326,12.0,590.5365732852616,12.000100703822417,12.0,200.0,169.4563441355644,0.001969817977493155,-162.92898760493568,17.670151258135117,0.10191172029736917
39687.0,0.1388235529629116,-2.2967424302040325,174.8937572632579,Rain,5.37251894587952,12.0,588.0570339139617,12.000097791281448,12.0,200.0,169.41979712398162,0.0019615471244241968,-162.8958812932748,17.703257569795966,0.10144119339676247
39688.0,0.13795381575455323,-2.265288090809169,174.86236699527413,Rain,5.377200174151461,12.0,585.6507158350612,12.000094842104884,12.0,200.0,169.3841817119575,0.0019535205112967222,-162.86442695387996,17.73471190919083,0.10098510916518975
39689.0,0.1371305225460432,-2.2354937775382933,174.8326375371187,Rain,5.382570384090567,12.0,583.3185279319358,12.000091856810473,12.0,200.0,169.34952356551494,0.0019457411698193417,-162.8346326406091,17.764506222461705,0.10054358751318809
39690.0,0.13635369446550805,-2.2073626987012203,174.8045720845803,Rain,5.388607187495358,12.0,581.0613654995585,12.00008883597296,12.0,200.0,169.3158481500403,0.0019382120863746296,-162.80650156177202,17.79263730129878,0.10011674704460768
39691.0,0.13562320096681735,-2.1808926442799748,174.77816841387812,Rain,5.395283031742646,12.0,578.8801086927409,12.00008578022426,12.0,200.0,169.28318067732624,0.0019309361968430202,-162.78003150735077,17.819107355720025,0.09970470480923434
39692.0,0.1349387452037787,-2.156075403812966,174.7534182995125,Rain,5.402564667965082,12.0,576.7756212338792,12.000082690255022,12.0,200.0,169.25154605544915,0.0019239163822923095,-162.75521426688374,17.843924596187033,0.09930757609826978
39693.0,0.13429984932276745,-2.1328961825565944,174.73030693043597,Rain,5.410412623254432,12.0,574.7487488046625,12.00007956681418,12.0,200.0,169.22096883299506,0.0019171554636129723,-162.73203504562736,17.867103817443407,0.09892547418649128
39694.0,0.13370584038676198,-2.111333042864706,174.70881235141573,Rain,5.418780695510278,12.0,572.8003176593458,12.000076410709754,12.0,200.0,169.19147314578936,0.0019106561968925376,-162.7104719059355,17.888666957135293,0.09855851011608277
39695.0,0.13315583752877286,-2.0913563936196296,174.68890495246296,Rain,5.427615498609999,12.0,570.931133134313,12.000073222808927,12.0,200.0,169.1630826613958,0.0019044212684440277,-162.69049525669044,17.90864360638037,0.09820679245715574
39696.0,0.13264874128958998,-2.0729285635055845,174.67054704211756,Rain,5.436856092069052,12.0,569.141978151548,12.000070004037537,12.0,200.0,169.13582052297758,0.0018984532898140751,-162.67206742657638,17.927071436494415,0.09787042707093135
39697.0,0.13218322631647683,-2.0560035019402134,174.65369254837958,Rain,5.446433737842693,12.0,567.4336117804979,12.000066755380079,12.0,200.0,169.10970929365578,0.0018927547929858126,-162.65514236501102,17.943996498059786,0.09754951688110963
39698.0,0.13175773880702674,-2.0405266589393625,174.6382868985862,Rain,5.456271836827061,12.0,565.8067677655976,12.000063477879161,12.0,200.0,169.08477090011837,0.001887328225467225,-162.63966552201015,17.959473341060637,0.09724416164078759
39699.0,0.1313705003824614,-2.0264351059573844,174.6242671402817,Rain,5.466286105661188,12.0,564.2621531028215,12.000060172634134,12.0,200.0,169.06102657691574,0.0018821759455430378,-162.62557396902818,17.973564894042614,0.09695445770476177
39700.0,0.13101952024316244,-2.013657965679526,174.61156237101238,Rain,5.476385062654808,12.0,562.8004465957886,12.000056840800983,12.0,200.0,169.0384968105566,0.001877300217458401,-162.6127968287503,17.986342034320476,0.09668049780095915
39701.0,0.13070261761411972,-2.00211722413139,174.60009455048205,Rain,5.486470894559064,12.0,561.4222974907593,12.000053483590223,12.0,200.0,169.01720128510976,0.0018727032068657286,-162.6012560872022,17.99788277586861,0.09642237081319988
39702.0,0.1304174564012256,-1.991728995028491,174.589779764935,Rain,5.496440774319211,12.0,560.1283241602083,12.000050102265355,12.0,200.0,168.99715882904277,0.001868386976433571,-162.59086785809927,18.00827100497151,0.09618016157300173
39703.0,0.13016159363052748,-1.9824052932800842,174.58053000068122,Rain,5.506188688673296,12.0,558.91911269889,12.000046698141897,12.0,200.0,168.97838736137473,0.0018643534811635923,-162.58154415635087,18.017594706719915,0.09595395063323217
39704.0,0.12993254261919873,-1.9740563515539187,174.57225546072596,Rain,5.515607804087167,12.0,557.7952157692852,12.0000432725844,12.0,200.0,168.9609038425512,0.0018606045645393962,-162.57319521462472,18.02594364844608,0.09574381408756302
39705.0,0.12972785042172935,-1.9665934623316248,174.5648674068624,Rain,5.524593358905459,12.0,556.7571513317274,12.000039827004736,12.0,200.0,168.94472422458958,0.0018571419542906826,-162.5657323254024,18.033406537668377,0.09554982336735193
39706.0,0.129545187334086,-1.9599322634756011,174.5582814452931,Rain,5.5330459961521505,12.0,555.8054014793104,12.000036362859596,12.0,200.0,168.92986340408683,0.001853967258506918,-162.5590711265464,18.0400677365244,0.09537204505412804
39707.0,0.12938244365046414,-1.9539962907939952,174.55242107926318,Rain,5.540875359213995,12.0,554.940411443706,12.000032881647355,12.0,200.0,168.91633517932348,0.0018510819623211003,-162.5531351538648,18.046003709206005,0.09521054072568126
39708.0,0.12923782573995973,-1.9487205069056037,174.5472212379798,Rain,5.54800366378029,12.0,554.1625885013518,12.00002938490556,12.0,200.0,168.9041522074206,0.0018484874242611926,-162.54785936997638,18.0512794930944,0.09506536677893258
39709.0,0.12910994044347512,-1.9440544037093213,174.54263137915035,Rain,5.554368839414532,12.0,553.472301019815,12.000025874207774,12.0,200.0,168.89332596545927,0.001846184873069138,-162.54319326678012,18.05594559629068,0.09493657427656592
39710.0,0.12899785427797905,-1.9399641839492754,174.53861767062878,Rain,5.5599267448253205,12.0,552.8698777225468,12.000022351159831,12.0,200.0,168.88386671696787,0.001844175405248343,-162.53910304702006,18.060035816050725,0.09482420883561023
39711.0,0.12890111321530334,-1.936433500986141,174.5351637302538,Rain,5.564651941586243,12.0,552.3556068057843,12.00001881739678,12.0,200.0,168.87578347818632,0.0018424599821179766,-162.53557236405695,18.06356649901386,0.09472831048124554
39712.0,0.128819711455748,-1.933462332703161,174.53226949983804,Rain,5.568536595996367,12.0,551.9297352935433,12.000015274579036,12.0,200.0,168.86908399029548,0.0018410394276614634,-162.53260119577394,18.06653766729684,0.09464891354619649
39713.0,0.1287540041804383,-1.9310638052979987,174.5299480690391,Rain,5.571587328438827,12.0,551.592468394356,12.000011724388758,12.0,200.0,168.86377469403243,0.0018399144263807866,-162.53020266836876,18.068936194702,0.09458604656785856
39714.0,0.1287045701492981,-1.929259180624613,174.52822066279566,Rain,5.5738202188445936,12.0,551.3439691719699,12.000008168525493,12.0,200.0,168.8598607117143,0.0018390855221980598,-162.5283980436954,18.070740819375388,0.09453973223676215
39715.0,0.12867204288589662,-1.9280716918071141,174.52711047701993,Rain,5.575254661297046,12.0,551.1843579993833,12.000004608702577,12.0,200.0,168.8573458284127,0.0018385531166343863,-162.5272105548779,18.071928308192888,0.09450998731016182
39716.0,0.12865694089111812,-1.927520340235158,174.52663647568156,Rain,5.575907173608124,12.0,551.1137122514134,12.000001046643044,12.0,200.0,168.85623247951432,0.0018383174677843743,-162.52665920330597,18.07247965976484,0.09449682255912087
39717.0,0.12866252540294726,-1.9277242236859793,174.52680845379734,Rain,5.5757864651168525,12.0,551.1320663102396,11.999997484075065,12.0,200.0,168.8565217459057,0.00183837869033463,-162.52686308675678,18.072275776314022,0.09450024277479102
39718.0,0.12868699625138819,-1.9286176073845445,174.52762450216923,Rain,5.574890907884673,12.0,551.2394112966749,11.99999392272817,12.0,200.0,168.85821334756133,0.0018387367546673734,-162.5277564704553,18.071382392615455,0.09452024672322402
39719.0,0.12872874928811678,-1.9301418706137157,174.5290714927084,Rain,5.573209021390055,12.0,551.4356950744533,11.999990364329076,12.0,200.0,168.86130564417653,0.0018393914868747407,-162.52928073368452,18.069858129386283,0.09455682714184602
39720.0,0.12878721186487246,-1.9322760161736932,174.53112846555243,Rain,5.5707228494936825,12.0,551.7208226798774,11.999986810596965,12.0,200.0,168.86579564523942,0.0018403425701919338,-162.5314148792445,18.06772398382631,0.09460997081936104
39721.0,0.12886174739832823,-1.9349966823589089,174.53377209610605,Rain,5.567413427647097,12.0,552.0946559340666,11.999983263240443,12.0,200.0,168.871679009943,0.00184158954370382,-162.5341355454297,18.06500331764109,0.09467965851594828
39722.0,0.1289518286755139,-1.9382844736164735,174.53698302557913,Rain,5.563267085579805,12.0,552.5570146463624,11.999979723951988,12.0,200.0,168.87895007482194,0.0018431318063590592,-162.53742333668725,18.061715526383527,0.09476586517739867
39723.0,0.12905719932038195,-1.9421298550071688,174.54075175539316,Rain,5.558281337727681,12.0,553.1076761552581,11.999976194405445,12.0,200.0,168.8876018578253,0.0018449686154388117,-162.54126871807796,18.057870144992833,0.09486855984015363
39724.0,0.12917799689031856,-1.9465376405594228,174.54508313542783,Rain,5.552469338638575,12.0,553.7463765239336,11.999972676251089,12.0,200.0,168.89762609095058,0.0018470990905446114,-162.5456765036302,18.053462359440577,0.09498770583866234
39725.0,0.12931482243206488,-1.9515295215976292,174.54999889227958,Rain,5.5458623904070015,12.0,554.4728108287233,11.999969171112406,12.0,200.0,168.90901324103143,0.0018495222145605919,-162.55066838466843,18.04847047840237,0.0951232608411292
39726.0,0.12946875472935704,-1.9571445713411157,174.5555381337794,Rain,5.538510415898939,12.0,555.2866339604111,11.999965680582369,12.0,200.0,168.92175254089875,0.0018522368363263198,-162.5562834344119,18.042855428658882,0.09527517698169705
39727.0,0.12964131667351952,-1.9634379983516181,174.56175610236852,Rain,5.5304806802353355,12.0,556.1874613263707,11.999962206220125,12.0,200.0,168.93583202116753,0.0018552416729788804,-162.56257686142243,18.03656200164838,0.09544340096563629
39728.0,0.12983440672004687,-1.9704786234329421,174.5687216519187,Rain,5.521855225911895,12.0,557.1748700436041,11.999958749547359,12.0,200.0,168.95123855173264,0.0018585353139324273,-162.56961748650372,18.029521376567057,0.09562787427417613
39729.0,0.13005020945329093,-1.9783455931687248,174.57651396121497,Rain,5.512727552718063,12.0,558.2483994997349,11.999955312045751,12.0,200.0,168.96795787526275,0.0018621162227494558,-162.5774844562395,18.021654406831274,0.0958285332341807
39730.0,0.13029109842427972,-1.9871248118629814,174.585218965823,Rain,5.503199000086635,12.0,559.4075528145921,11.99995189515362,12.0,200.0,168.9859746564655,0.0018659827420161189,-162.58626367493378,18.01287518813702,0.09604530927090199
39731.0,0.13055954102877954,-1.9969054495600842,174.59492586605978,Rain,5.4933752145730805,12.0,560.6517976340891,11.999948500263658,12.0,200.0,169.005272522469,0.001870133095990324,-162.59604431263088,18.003094550439915,0.09627812901772982
39732.0,0.13085801252074392,-2.007776786227129,174.6057239711217,Rain,5.483362944508029,12.0,561.980567406829,11.999945128720436,12.0,200.0,169.0258341120856,0.00187456539486003,-162.60691564929795,17.99222321377287,0.09652691452805949
39733.0,0.13118892299967355,-2.019825533278754,174.61770002056124,Rain,5.473267311583499,12.0,563.3932626142466,11.999941781818196,12.0,200.0,169.04764112550967,0.0018792776388465602,-162.61896439634953,17.980174466721245,0.09679158346807547
39734.0,0.13155455895576412,-2.033133691240276,174.63093604191144,Rain,5.4631896187492845,12.0,564.8892519270411,11.999938460799067,12.0,200.0,169.0706743738632,0.0018842677220620443,-162.63227255431107,17.966866308759723,0.0970720492989475
39735.0,0.1319570394400802,-2.047776946819856,174.6455077477131,Rain,5.453225688324758,12.0,566.4678739009806,11.999935166851015,12.0,200.0,169.09491383783364,0.001889533438166015,-162.64691580989066,17.952223053180145,0.09736822155470831
39736.0,0.13239828537482318,-2.063823555844285,174.66148341842984,Rain,5.443464698248274,12.0,568.1284378483954,11.999931901106883,12.0,200.0,169.120338714212,0.0018950724832723959,-162.66296241891507,17.936176444155713,0.09768000596955638
39737.0,0.13288000072092065,-2.0813336655532133,174.67892322470564,Rain,5.4339884411923585,12.0,569.8702257429682,11.999928664642722,12.0,200.0,169.14692747872147,0.0019008824623031983,-162.680472528624,17.918666334446787,0.09800730479184673
39738.0,0.13340366309801788,-2.1003589886091825,174.69787890135933,Rain,5.424870946458143,12.0,571.692493400675,11.999925458477056,12.0,200.0,169.1746579379323,0.0019069608929277164,-162.69949785167998,17.899641011390816,0.09835001696886064
39739.0,0.13397052196895753,-2.1209427597401604,174.71839370402122,Rain,5.416178388918156,12.0,573.5944713666453,11.999922283570655,12.0,200.0,169.20350727683515,0.0019133052085207737,-162.72008162281094,17.87905724025984,0.09870803826793725
39740.0,0.13458160325824242,-2.1431199331919344,174.74050260655005,Rain,5.407969208991225,12.0,575.5753677457084,11.999919140824865,12.0,200.0,169.23345213579157,0.0019199127676044082,-162.74225879626272,17.856880066808067,0.09908126176726226
39741.0,0.1352377174053489,-2.16691751114512,174.76423262947108,Rain,5.40029440812312,12.0,577.6343681586752,11.999916031082627,12.0,200.0,169.26446864354207,0.0019267808537020478,-162.7660563742159,17.833082488854878,0.09946957780588385
39742.0,0.13593947114995208,-2.192355012846448,174.78960330908703,Rain,5.393197944963967,12.0,579.7706383319908,11.999912955127511,12.0,200.0,169.29653248969754,0.0019339066839766557,-162.79149387591724,17.80764498715355,0.09987287442553164
39743.0,0.13668728067810798,-2.219444997265979,174.81662722014812,Rain,5.386717211430742,12.0,581.9833250089123,11.99990991368434,12.0,200.0,169.32961897121643,0.0019412874122700988,-162.81858386033676,17.780555002734022,0.10029103750093062
39744.0,0.13748138594530024,-2.248193631477566,174.84531054424014,Rain,5.380883546886446,12.0,584.2715574023456,11.999906907419527,12.0,200.0,169.36370304638612,0.0019489201339492857,-162.84733249454834,17.751806368522434,0.100723950967578
39745.0,0.13832186559158266,-2.278601282399876,174.8756536615282,Rain,5.375722767322902,12.0,586.6344492613026,11.999903936941214,12.0,200.0,169.39875939703563,0.0019568018927991265,-162.87774014547065,17.721398717600124,0.10117149716965383
39746.0,0.13920865115625558,-2.3106630840203484,174.90765171801183,Rain,5.37125569661954,12.0,589.0710992388174,11.99990100280071,12.0,200.0,169.43476246450544,0.0019649296822497695,-162.90980194709113,17.689336915979652,0.10163355688682826
39747.0,0.1401415415325749,-2.344369513137757,174.94129520127333,Rain,5.367498677729252,12.0,591.5805932271209,11.999898105492765,12.0,200.0,169.4716865138152,0.0019733004531659057,-162.94350837620854,17.655630486862243,0.10211000972887878
39748.0,0.14112021644282685,-2.3797069285583072,174.97657047969594,Rain,5.364464062377205,12.0,594.162005778237,11.999895245456585,12.0,200.0,169.50950568295215,0.0019819111185853684,-162.9788457916291,17.620293071441694,0.10260073436657585
39749.0,0.14214424869871173,-2.416658064506867,175.0134602959139,Rain,5.362160671362181,12.0,596.8144005005735,11.999892423077629,12.0,200.0,169.5481940159915,0.0019907585550420132,-163.01579692757767,17.583341935493134,0.10310560856022695
39750.0,0.14321311635115253,-2.455202517430682,175.05194425362842,Rain,5.360594218759022,12.0,599.5368325263463,11.999889638688176,12.0,200.0,169.5877255252805,0.0019998396107961673,-163.05434138050146,17.544797482569315,0.10362450958887943
39751.0,0.1443262132400469,-2.495317171836438,175.09199924348425,Rain,5.359767703465806,12.0,602.3283491678063,11.99988689256915,12.0,200.0,169.62807422568645,0.002009151108023559,-163.09445603490724,17.504682828163563,0.10415731433200554
39752.0,0.1454828589252103,-2.5369766001424643,175.13359984295198,Rain,5.359681764676527,12.0,605.1879913460859,11.9998841849515,12.0,200.0,169.6692141787725,0.0020186898475814423,-163.13611546321326,17.463023399857537,0.10470389950294551
39753.0,0.14668230759214962,-2.580153421528086,175.17671867521364,Rain,5.360335003322949,12.0,608.1147946438232,11.999881516017892,12.0,200.0,169.71111953008335,0.0020284526125197693,-163.1792922845989,17.419846578471912,0.10526414180735232
39754.0,0.14792375639978944,-2.624818636352408,175.22132674361183,Rain,5.361724270998993,12.0,611.107791015552,11.99987888590408,12.0,200.0,169.75376455437834,0.00203843617378644,-163.2239574994232,17.37518136364759,0.10583791823447354
39755.0,0.1492063526178461,-2.6709419124966907,175.26739371803504,Rain,5.363844928046866,12.0,614.1660094160221,11.999876294700922,12.0,200.0,169.79712368385202,0.0020486372923231516,-163.27008077556746,17.32905808750331,0.10642510613619197
39756.0,0.15052920031811956,-2.7184918510701954,175.31488820066033,Rain,5.366691073071589,12.0,617.2884770733342,11.99987374245604,12.0,200.0,169.84117154415202,0.0020590527233121194,-163.317630714141,17.281508148929806,0.10702558343673943
39757.0,0.15189136625734012,-2.767436218421704,175.3637779580055,Rain,5.370255746000272,12.0,620.4742203625012,11.999871229175728,12.0,200.0,169.88588298324092,0.0020696792190899654,-163.36657508149247,17.232563781578296,0.10763922876430242
39758.0,0.1532918854748156,-2.817742163316537,175.41403013814067,Rain,5.374531108012811,12.0,623.7222663649803,11.999868754826517,12.0,200.0,169.931233108413,0.0020805135343497545,-163.4168810263873,17.182257836683462,0.10826592171484245
39759.0,0.15472976588794135,-2.869376393620879,175.4656114474184,Rain,5.379508598657651,12.0,627.0316432908977,11.999866319337308,12.0,200.0,169.97719730585726,0.0020915524275493874,-163.46851525669166,17.13062360637912,0.10890554290351509
39760.0,0.15620399271298752,-2.9223053423790684,175.51848831658953,Rain,5.385179074095259,12.0,630.4013815781402,11.999863922601127,12.0,200.0,170.02375126835116,0.0021027926645777735,-163.52144420544985,17.07769465762093,0.1095579741430944
39761.0,0.15771353238102498,-2.9764953116005657,175.57262704463082,Rain,5.3915329276818325,12.0,633.8305147648308,11.999861564477024,12.0,200.0,170.07087101836802,0.0021142310216650975,-163.57563417467134,17.023504688399434,0.11022309858096506
39762.0,0.15925733598687003,-3.0319125953365607,175.62799392186335,Rain,5.398560194524324,12.0,637.318080121515,11.999859244791972,12.0,200.0,170.11853292654354,0.002125864287491565,-163.63105145840734,16.96808740466344,0.1109008007954866
39763.0,0.1608343428288061,-3.088523602306525,175.68455535261253,Rain,5.406250644147187,12.0,640.8631202049195,11.999856963342426,12.0,200.0,170.16671374139673,0.0021376892683701854,-163.68766246537731,16.911476397693473,0.11159096706862731
39764.0,0.16244348816903859,-3.146294930424059,175.74227792978533,Rain,5.414593856447746,12.0,644.4646822362199,11.999854719896677,12.0,200.0,170.21539058809992,0.0021497027861728927,-163.74543379349487,16.85370506957594,0.11229348523765974
39765.0,0.1640836840478322,-3.205193471863552,175.80112853996383,Rain,5.4235792924731205,12.0,648.1218201495032,11.999852514196101,12.0,200.0,170.26454100241895,0.0021619016851634845,-163.80433233493434,16.794806528136448,0.11300824507174334
39766.0,0.1657538557686576,-3.265186469431578,175.86107441982364,Rain,5.433196350545224,12.0,651.8335942570446,11.999850345957325,12.0,200.0,170.31414293109762,0.0021742828308811044,-163.86432533250235,16.734813530568424,0.11373513818080555
39767.0,0.1674529208857582,-3.326241594569541,175.92208323416583,Rain,5.44343441868355,12.0,655.5990728475919,11.999848214873555,12.0,200.0,170.36417475717303,0.0021868431154715433,-163.92538045764036,16.67375840543046,0.11447405830925378
39768.0,0.16917979665071553,-3.388326977468999,175.98412310607958,Rain,5.454282913411246,12.0,659.4173313370379,11.999846120616786,12.0,200.0,170.41461529152102,0.002199579454854191,-163.98746584053978,16.611673022531,0.11522490114732964
39769.0,0.17093340248414418,-3.4514112747990175,176.0471626846947,Rain,5.465731319599683,12.0,663.2874541964908,11.999844062838928,12.0,200.0,170.4654438004041,0.002212488795153382,-164.0505501378698,16.548588725200982,0.11598756469093907
39770.0,0.172712661298475,-3.5154636943659567,176.1111711698817,Rain,5.477769218720471,12.0,667.2085346212274,11.99984204117369,12.0,200.0,170.5166400020002,0.0022255681115941465,-164.11460255743674,16.484536305634045,0.11676194916101698
39771.0,0.17451650114160916,-3.580454029780122,176.17611834695043,Rain,5.490386314889433,12.0,671.1796751692957,11.99984005523803,12.0,200.0,170.5681840749499,0.0022388144106323575,-164.1795928928509,16.41954597021988,0.11754795711112034
39772.0,0.17634385662926755,-3.646352686266006,176.24197461249304,Rain,5.503572456101214,12.0,675.1999881616184,11.999838104633668,12.0,200.0,170.62005666289684,0.002252224731289332,-164.2454915493368,16.353647313733994,0.11834549349495639
39773.0,0.17819367016990945,-3.7131306979828382,176.3087109917362,Rain,5.517317651017221,12.0,679.2685958317771,11.999836188948551,12.0,200.0,170.67223887503798,0.0022657961456514597,-164.31226956105363,16.286869302017163,0.11915446568101015
39774.0,0.18006489357227745,-3.780759758396725,176.37629916893843,Rain,5.531612086159997,12.0,683.3846315036385,11.999834307758002,12.0,200.0,170.72471229910232,0.002279525762798337,-164.3798986214675,16.219240241603273,0.11997478367612427
39775.0,0.1819564884977377,-3.849212208390324,176.44471147553747,Rain,5.546446132349329,12.0,687.54723839842,11.999832460626454,12.0,200.0,170.77745898331068,0.002293410724823571,-164.4483510714611,16.150787791609677,0.12080635987748183
39776.0,0.18386742818040241,-3.9184610698290294,176.51392092373476,Rain,5.561810358944957,12.0,691.7555713869136,11.999830647108297,12.0,200.0,170.83046145537608,0.0023074482126795655,-164.51759993289983,16.08153893017097,0.12164910941371071
39777.0,0.185796698002533,-3.9884800376275513,176.58390119859325,Rain,5.577695537948644,12.0,696.0087963688037,11.999828866749318,12.0,200.0,170.8837027106302,0.0023216354441071485,-164.58761890069835,16.01151996237245,0.12250295001440026
39778.0,0.1877432964789753,-4.059243486629638,176.6546266649411,Rain,5.594092649996664,12.0,700.306090687221,11.999827119087795,12.0,200.0,170.93716621285864,0.0023359696750183787,-164.65838234970045,15.940756513370362,0.12336780208581669
39779.0,0.1897062359746528,-4.130726469012874,176.726072364801,Rain,5.610992887230295,12.0,704.6466430816588,11.999825403655626,12.0,200.0,170.99083588887268,0.002350448199339487,-164.72986533208368,15.869273530987126,0.12424358869803565
39780.0,0.19168454385435824,-4.202904727815695,176.79821403093524,Rain,5.628387659192226,12.0,709.0296547184018,11.999823719979164,12.0,200.0,171.04469613595376,0.002365068352448019,-164.80204359088648,15.797095272184304,0.1251302357892539
39781.0,0.19367726247125688,-4.275754668656204,176.87102805859365,Rain,5.64626858808425,12.0,713.4543377667541,11.999822067580556,12.0,200.0,171.09873179863206,0.002379827506423641,-164.87489353172697,15.724245331343795,0.1260276718773224
39782.0,0.19568345049329755,-4.349253380847232,176.9444915266413,Rain,5.6646275152651615,12.0,717.9199170464583,11.99982044597832,12.0,200.0,171.15292818298684,0.0023947230755433425,-164.94839224391802,15.65074661915277,0.12693582838929598
39783.0,0.1977021830724096,-4.423378617052923,177.0185821772378,Rain,5.683456497335656,12.0,722.4256292181391,11.999818854688396,12.0,200.0,171.20727104040037,0.0024097525135810425,-165.0225174801237,15.576621382947078,0.12785463950178463
39784.0,0.19973255245804994,-4.49810878997866,177.0932784125446,Rain,5.7027478059250996,12.0,726.9707230592475,11.999817293224936,12.0,200.0,171.26174656442262,0.0024249133147280426,-165.09724765304946,15.50189121002134,0.12878404219685977
39785.0,0.20177366845798783,-4.573422964404933,177.16855928677515,Rain,5.722493926049217,12.0,731.5544594994425,11.999815761101056,12.0,200.0,171.3163413844541,0.0024402030137110472,-165.17256182747573,15.426577035595068,0.1297239762718114
39786.0,0.20382465874626832,-4.649300844571888,177.2444044935963,Rain,5.742687552989814,12.0,736.1761114074238,11.999814257829618,12.0,200.0,171.37104255630499,0.0024556191850811132,-165.24843970764266,15.350699155428114,0.13067438430151532
39787.0,0.20588466963072505,-4.725722779646771,177.32079437160635,Rain,5.76332159382921,12.0,740.834964507744,11.99981278292371,12.0,200.0,171.42583756594723,0.002471159446271807,-165.32486164271756,15.274277220353227,0.13163521182991517
39788.0,0.207952865654438,-4.802669727129173,177.39770986776085,Rain,5.784389157582175,12.0,745.530315757359,11.999811335897588,12.0,200.0,171.48071430313513,0.00248682145218396,-165.40180859019998,15.197330272870829,0.13260640704356022
39789.0,0.2100284306780647,-4.880123272302726,177.4751325568293,Rain,5.805883560300657,12.0,750.2614751547253,11.999809916266912,12.0,200.0,171.53566107537716,0.0025026029012201675,-165.47926213537352,15.119876727697275,0.13358792115142917
39790.0,0.21211056728979255,-4.9580655867329355,177.55304459991203,Rain,5.827798313507754,12.0,755.0277638440521,11.999808523549625,12.0,200.0,171.5906665784017,0.0025185015289612527,-165.55720444980375,15.041934413267064,0.13457970800253882
39791.0,0.2141984977013428,-5.036479443308987,177.63142875948648,Rain,5.850127128133745,12.0,759.8285156792575,11.999807157266147,12.0,200.0,171.64571990693517,0.0025345151133830644,-165.63561830637977,14.963520556691012,0.1355817244175746
39792.0,0.21629146348338552,-5.115348189231781,177.71026837240942,Rain,5.872863906780302,12.0,764.6630762252223,11.999805816940032,12.0,200.0,171.7008105356351,0.0025506414715250184,-165.71448705230256,14.884651810768219,0.13659392999403153
39793.0,0.2183887291171729,-5.194655737764688,177.78954734167542,Rain,5.896002741151757,12.0,769.5308029066431,11.999804502098323,12.0,200.0,171.75592831337593,0.002566878459986619,-165.79379460083547,14.805344262235312,0.13761628714773422
39794.0,0.22048956816450554,-5.274386552187272,177.86925012037977,Rain,5.9195379072414855,12.0,774.4310646786194,11.999803212271978,12.0,200.0,171.81106345208428,0.0025832239738286526,-165.87352541525806,14.725613447812728,0.13864876105398954
39795.0,0.22259328507310944,-5.354525648963991,177.94936171489223,Rain,5.943463866213133,12.0,779.3632428751963,11.999801946996095,12.0,200.0,171.8662065288359,0.002599675949403625,-165.95366451203478,14.64547435103601,0.13969131984319913
39796.0,0.2246991997351374,-5.435058558334252,178.02986764545938,Rain,5.967775252662745,12.0,784.3267294356411,11.999800705810479,12.0,200.0,171.92134845855716,0.0026162323584392544,-166.03419742140503,14.564941441665747,0.14074393423948053
39797.0,0.2268066520834976,-5.5159713429162425,178.11075396480828,Rain,5.992466880170775,12.0,789.3209286924256,11.999799488259631,12.0,200.0,171.9764805066876,0.0026328912140025406,-166.115110205987,14.484028657083757,0.14180657794991564
39798.0,0.22891500121894132,-5.597250554339899,178.192007214792,Rain,6.017533728243272,12.0,794.3452553343425,11.999798293893337,12.0,200.0,172.03159425929275,0.0026496505637054503,-166.1963894174107,14.4027494456601,0.14287922725595414
39799.0,0.23102362602932142,-5.678883248145246,178.27361444128687,Rain,6.042970946937398,12.0,799.3991359527404,11.999797122266601,12.0,200.0,172.08668163299734,0.0026665084948626037,-166.27802211121605,14.321116751854754,0.1439618613521219
39799.118,0.2312724337161075,-5.688538636952595,178.28326685709968,Rain,6.045996749178891,12.0,799.9974169941655,11.999796985494072,12.0,200.0,172.09317983799994,0.002668504145605176,-166.2876775000234,14.311461363047403,0.1440902699208507
