Times,BER,EbNo,Prop_Loss,Weather,Rain_Loss,EIRP,Range,Rcvd_Frequency,g_over_T,Bandwidth,Free_Space_Loss,Propagation_Delay,Rcvd_Iso_Power,C/No,Atmos Loss
25907.510021253,0.14657955340084727,-2.5764554644949893,175.1712212589587,Clouds,3.0031704913086408,12.0,799.9811551430083,12.000201285893665,12.0,200.0,172.09300327482975,0.002668449901908501,-163.1755943275658,17.423544535505012,0.07504749282031867
25908.0,0.14566575524694336,-2.54356189807331,175.1383402910291,Clouds,2.997318708702145,12.0,797.5207753019962,12.000200706294736,12.0,200.0,172.0662482465487,0.0026602429581533906,-163.1427007611441,17.45643810192669,0.07477333577825387
25909.0,0.14380493875107464,-2.4765340964647202,175.0713385692887,Clouds,2.9854909923735025,12.0,792.5215651881055,12.000199506474083,12.0,200.0,172.01162991431673,0.0026435673881699366,-163.0756729595355,17.523465903535282,0.07421766259848926
25910.0,0.14195013924877314,-2.409655642630128,175.00448669655577,Clouds,2.9738198060506598,12.0,787.5526164556701,12.000198283586457,12.0,200.0,171.95699971646224,0.0026269927592897286,-163.0087945057009,17.590344357369872,0.073667174042883
25911.0,0.14010188963014825,-2.3429372925361656,174.93779543837616,Clouds,2.962307488028428,12.0,782.6145110424409,12.000197037190729,12.0,200.0,171.90236606721453,0.0026105210126481596,-162.94207615560694,17.657062707463837,0.07312188313318344
25912.0,0.13826073234013092,-2.276390216310324,174.87127597455924,Clouds,2.950956464320413,12.0,777.7078419623599,12.000195766841026,12.0,200.0,171.84773770593756,0.00259415412632682,-162.8755290793811,17.723609783689675,0.07258180430127012
25913.0,0.13642721893953003,-2.210026003664515,174.80493990459786,Clouds,2.9397692494956598,12.0,772.8332130972913,12.000194472086907,12.0,200.0,171.79312370174364,0.0025778941146587862,-162.8091648667353,17.789973996335483,0.07204695335855471
25914.0,0.13460190988182313,-2.143856678152388,174.73879926191697,Clouds,2.928748448981696,12.0,767.9912396396722,12.000193152473742,12.0,200.0,171.73853346539713,0.002561743029705144,-162.7429955412232,17.85614332184761,0.07151734753811882
25915.0,0.13278537431363324,-2.077894713361641,174.67286653005462,Clouds,2.917896761572689,12.0,763.1825486686346,12.000191807543246,12.0,200.0,171.68397676293154,0.0025457029631767276,-162.67703357643242,17.92210528663836,0.07099300555039602
25916.0,0.1309781892996993,-2.0121530292401877,174.60715463898825,Clouds,2.9072169785976936,12.0,758.4077782766319,12.000190436833472,12.0,200.0,171.62946371290911,0.0025297760435208545,-162.611291892311,17.98784697075981,0.07047394748146983
25917.0,0.12918093968062744,-1.9466450123510015,174.54167698537447,Clouds,2.8967119869674356,12.0,753.6675784517827,12.000189039879505,12.0,200.0,171.5750048035233,0.0025139644388645116,-162.5457838754218,18.053354987649,0.06996019488368825
25918.0,0.12739421729905392,-1.8813845141129835,174.4764474307869,Clouds,2.886384768542748,12.0,748.9626103649568,12.000187616213584,12.0,200.0,171.5206108915517,0.0024982703546363293,-162.48052337718377,18.118615485887016,0.06945177069244585
25919.0,0.12561862084499198,-1.8163858725006843,174.41148032339822,Clouds,2.8762384031480472,12.0,744.2935473677171,12.000186165365939,12.0,200.0,171.46629322092022,0.0024826960368953548,-162.41552473557147,18.183614127499318,0.06894869932996367
25920.0,0.12385475513291183,-1.7516639138955272,174.34679049982412,Clouds,2.8662760682603707,12.0,739.6610745653286,12.000184686865103,12.0,200.0,171.41206342490972,0.002467243770906767,-162.3508027769663,18.248336086104473,0.06845100665405096
25921.0,0.12210323035502374,-1.6872339547605981,174.28239328679075,Clouds,2.856501038595817,12.0,735.065888405362,12.000183180238269,12.0,200.0,171.35793352828483,0.0024519158797696038,-162.2863728178314,18.3127660452394,0.06795871991015234
25922.0,0.12036466187373096,-1.6231118238390998,174.21830452331065,Clouds,2.8469166886219783,12.0,730.508697754879,12.000181645012308,12.0,200.0,171.30391596684484,0.0024367147280098655,-162.2222506869099,18.3768881761609,0.06747186784383871
25923.0,0.11863966917859886,-1.5593138542746676,174.15454055279895,Clouds,2.837526490274189,12.0,725.9902228547677,12.000180080713964,12.0,200.0,171.25002358193925,0.0024216427180925536,-162.15845271734543,18.440686145725333,0.06699048058552318
25924.0,0.11692887544012026,-1.495856898182106,174.09111823762456,Clouds,2.828334013823241,12.0,721.5111959108411,12.000178486870764,12.0,200.0,171.19626963408928,0.0024067022923933636,-162.0949957612529,18.504143101817895,0.06651458971202202
25925.0,0.11523289738541503,-1.4327583299138476,174.028054962362,Clouds,2.8193429267326993,12.0,717.0723609162637,12.000176863011664,12.0,200.0,171.14266780740425,0.0023918959326063626,-162.03189719298464,18.56724167008615,0.06604422822505907
25926.0,0.11355238073293028,-1.3700360505374996,173.96536863825258,Clouds,2.8105569923555667,12.0,712.67447360617,12.000175208667834,12.0,200.0,171.08923221535082,0.0023772261595926135,-161.9691749136083,18.6299639494625,0.06557943054618565
25927.0,0.11188794695184034,-1.3077084932761291,173.90307770862532,Clouds,2.801980068349836,12.0,708.3183015309481,12.00017352337352,12.0,200.0,171.0359774077523,0.0023626955336246255,-161.9068473563469,18.69229150672387,0.06512023252316794
25928.0,0.11024022619454416,-1.2457946178763428,173.84120114325256,Clouds,2.7936161031083575,12.0,704.004623415488,12.000171806666636,12.0,200.0,170.98291836878155,0.0023483066522490305,-161.84493348094713,18.754205382123658,0.06466667136266666
25929.0,0.10860984859812295,-1.184313925504867,173.77975845321603,Clouds,2.785469134438583,12.0,699.734230020745,12.000170058090157,12.0,200.0,170.93007053305553,0.0023340621531604544,-161.78345278857566,18.815686074495133,0.06421878572194435
25930.0,0.10699744305554426,-1.1232864444677733,173.71876967661586,Clouds,2.777543283651523,12.0,695.5079230464249,12.000168277192595,12.0,200.0,170.87744977736963,0.002319964710541267,-161.72242530753857,18.876713555532227,0.0637766155946602
25931.0,0.10540363653775953,-1.0627327360438348,173.65825538437576,Clouds,2.7698427516508066,12.0,691.3265155261032,12.000166463529286,12.0,200.0,170.82507243037116,0.0023060170363795583,-161.66187159911462,18.937267263956166,0.06334020235377888
25932.0,0.10382905312482787,-1.0026738886151818,173.59823667435163,Clouds,2.7623718126130425,12.0,687.1908315065513,12.000164616663417,12.0,200.0,170.77295527301686,0.002292221879399485,-161.60181275168597,18.99732611138482,0.06290958872171998
25933.0,0.10227431306286439,-0.9431315117513767,173.53873516539164,Clouds,2.7551348067204606,12.0,683.1017058382704,12.00016273616712,12.0,200.0,170.7211155399206,0.0022785820243625687,-161.54227037482215,19.056868488248625,0.06248481875059893
25934.0,0.10074003179455471,-0.8841277280378981,173.47977298913875,Clouds,2.7481361315115374,12.0,679.0599839372078,12.000160821622668,12.0,200.0,170.669570919825,0.002265100291272864,-161.48326659110867,19.115872271962104,0.06206593780223006
25935.0,0.0992268190098225,-0.8256851641867176,173.4213727811131,Clouds,2.741380231873257,12.0,675.0665216385108,12.000158872623773,12.0,200.0,170.6183395567027,0.002251779534889136,-161.4248240272575,19.17431483581328,0.06165299253714552
25936.0,0.09773527748370442,-0.7678269321478861,173.3635576618006,Clouds,2.73487158743336,12.0,671.1221845254279,12.000156888776647,12.0,200.0,170.5674400435168,0.002238622642486316,-161.36696579521868,19.232173067852113,0.06124603085044345
25937.0,0.09626600217141529,-0.7105766180553265,173.30635122556453,Clouds,2.728614699229147,12.0,667.2278479720823,12.00015486970157,12.0,200.0,170.5168914244528,0.0022256325339981777,-161.30971548112612,19.289423381944673,0.06084510188255495
25938.0,0.0948195790865935,-0.6539582604455186,173.24977751883594,Clouds,2.7226140732614224,12.0,663.3843966503007,12.000152815034191,12.0,200.0,170.46671318959932,0.0022128121603722955,-161.25309712351628,19.34604173955448,0.060450255975212294
25939.0,0.09339658420027624,-0.597996326557958,173.19386101638224,Clouds,2.716874201735303,12.0,659.5927241271572,12.000150724427003,12.0,200.0,170.41692527000973,0.002200164502227595,-161.19713518962874,19.402003673442042,0.06006154463718183
25940.0,0.09199758235313066,-0.5427156861471563,173.13862659508544,Clouds,2.7113995416145813,12.0,655.8537325377497,12.000148597550888,12.0,200.0,170.3675480329519,0.002187692568762853,-161.14185454921795,19.457284313852842,0.0596790205189599
25941.0,0.09062312592841493,-0.48814157246796136,173.08409949490158,Clouds,2.706194489176237,12.0,652.1683316611852,12.000146434096314,12.0,200.0,170.31860226839794,0.002175399394674516,-161.08728043553873,19.51185842753204,0.059302737327439875
25942.0,0.0892737539509233,-0.4342995564079083,173.03030529294512,Clouds,2.701263352757107,12.0,648.5374391856977,12.000144233775542,12.0,200.0,170.27010919032568,0.002163288041041038,-161.03343841947867,19.565700443592092,0.058932749862304484
25943.0,0.08794999056830638,-0.3812154920866142,172.97726984906643,Clouds,2.696610319274004,12.0,644.9619793771603,12.000141996323626,12.0,200.0,170.2220904159014,0.002151361590881517,-160.9803543551574,19.618784507913386,0.05856911389103928
25944.0,0.08665234394659216,-0.3289154744429562,172.92501926339577,Clouds,2.6922394180165488,12.0,641.4428829245469,12.000139721500418,12.0,200.0,170.17456795923522,0.0021396231486402063,-160.92805433751374,19.671084525557042,0.058211886143989505
25945.0,0.08538130491371299,-0.27742578203143403,172.873579819104,Clouds,2.6881544786905835,12.0,637.9810861902419,12.000137409092195,12.0,200.0,170.1275642161629,0.0021280758376858227,-160.8765646451022,19.722574217968564,0.0578611242504929
25946.0,0.0841373456282441,-0.22677281569236915,172.82297792103395,Clouds,2.6843590842182046,12.0,634.5775306256908,12.000135058913457,12.0,200.0,170.0811019501239,0.0021167227983623616,-160.82591167876316,19.773227184307633,0.05751688669188772
25947.0,0.08292091804596308,-0.17698302352402076,172.7732400206404,Clouds,2.680856517009788,12.0,631.2331617510893,12.000132670808403,12.0,200.0,170.03520427091888,0.0021055671845857087,-160.7761218865948,19.82301697647598,0.05717923271175449
25948.0,0.08173244086211662,-0.128082826189189,172.72439254125237,Clouds,2.6776496991993906,12.0,627.9489286872982,12.000130244652967,12.0,200.0,169.9898946197703,0.0020946121622822753,-160.72722168925998,19.87191717381081,0.0568482222827294
25949.0,0.08057234331293317,-0.08009852699688054,172.6764617881184,Clouds,2.6747411250320328,12.0,624.7257832413509,12.000127780356506,12.0,200.0,169.94519674705717,0.002083860906338581,-160.67923739006767,19.91990147300312,0.0565239160291684
25950.0,0.07944099724069165,-0.03305621352415285,172.6294738499892,Clouds,2.672132785313532,12.0,621.5646790490947,12.00012527786359,12.0,200.0,169.90113468951958,0.0020733165977414106,-160.63219507659494,19.966943786475845,0.056206375156104514
25951.0,0.07833875840718241,0.013018350220390922,172.5834544912411,Clouds,2.6698260831583642,12.0,618.4665707574039,12.000122737155865,12.0,200.0,169.85773274669964,0.0020629824208499735,-160.58612051285039,20.013018350220392,0.05589566138311687
25952.0,0.07726595405372699,0.05809984813039951,172.53842902751032,Clouds,2.6678217400269637,12.0,615.4324128217136,12.000120158253509,12.0,200.0,169.8150154506428,0.0020528615593849047,-160.5410390149404,20.058099848130396,0.05559183684054421
25953.0,0.07622288101248709,0.10216354074093353,172.4944221969092,Clouds,2.6661196920410237,12.0,612.4631587780766,12.0001175412173,12.0,200.0,169.7730075408539,0.0020429571940001126,-160.49697532232986,20.102163540740932,0.055294964014250575
25954.0,0.0752098035596454,0.1451854119369588,172.45145801328303,Clouds,2.664718975266881,12.0,609.5597601213863,12.000114886150204,12.0,200.0,169.7317339323652,0.002033272498540928,-160.45395345113383,20.145185411936957,0.05500510565099441
25955.0,0.07422695115769506,0.187142327590582,172.40955960753627,Clouds,2.6636175998281644,12.0,606.7231652299785,12.00011219319907,12.0,200.0,169.69121968303838,0.002023810636456967,-160.4119965354802,20.187142327590585,0.05472232466972052
25956.0,0.07327451607063717,0.2280122067614969,172.36874905639456,Clouds,2.662812412435102,12.0,603.9543183188166,12.000109462556352,12.0,200.0,169.65148995988295,0.0020145747573103276,-160.3711266563093,20.2280122067615,0.05444668407652255
25957.0,0.07235265072597641,0.26777421077267005,172.32904719330259,Clouds,2.662298947124651,12.0,601.2541580686008,12.00010669446134,12.0,200.0,169.6125699993303,0.0020055679922027954,-160.33136465229813,20.267774210772668,0.054178246847583975
25958.0,0.07146146507269385,0.30640893927036444,172.29047341232433,Clouds,2.6620712646616864,12.0,598.62361665174,12.000103889201977,12.0,200.0,169.57448507181041,0.001996793450526831,-160.29272992380044,20.306408939270362,0.053917075852254324
25959.0,0.07060102369174309,0.3438986433376,172.25304545500188,Clouds,2.6621217810292928,12.0,596.0636184265671,12.000101047116159,12.0,200.0,169.53726044022824,0.0019882542156099445,-160.2552402197332,20.343898643337603,0.05366323374433042
25960.0,0.0697713428273467,0.38022744795836794,172.2167791878599,Clouds,2.6624410864490984,12.0,593.5750787307718,12.00009816859316,12.0,200.0,169.50092131854805,0.0019799533406900174,-160.21891141511242,20.38022744795837,0.05341678286276734
25961.0,0.06897238724994659,0.4153815870656955,172.1816883673397,Clouds,2.663017757060805,12.0,591.1589024057267,12.000095254074482,12.0,200.0,169.46549282517162,0.001971893843992989,-160.1837572760051,20.415381587065696,0.053177785107300896
25962.0,0.06820406720856081,0.4493496390627499,172.14778440424706,Clouds,2.6638381623905687,12.0,588.8159826581143,12.000092304055263,12.0,200.0,169.43099994000963,0.001964078704935647,-160.14978922400803,20.44934963906275,0.05294630184685184
25963.0,0.06746623534806995,0.48212276717925806,172.11507612337732,Clouds,2.6648862731855467,12.0,586.5471996462711,12.000089319085152,12.0,200.0,169.39746745638988,0.0019565108594101826,-160.11701609589153,20.48212276717926,0.052722393801913
25964.0,0.06675868381294925,0.5136949536687078,172.08356952930185,Clouds,2.6661434758784637,12.0,584.3534191087659,12.000086299769064,12.0,200.0,169.36491993249246,0.0019491931952096203,-160.0854439094021,20.513694953668708,0.05250612093096332
25965.0,0.06608114168770163,0.5440632196267597,172.053267586532,Clouds,2.6675884020564893,12.0,582.2354910172425,12.000083246767987,12.0,200.0,169.3333816421558,0.0019421285475341825,-160.055075643444,20.544063219626757,0.05229754231969881
25966.0,0.0654332729148599,0.5732278223760303,172.02417002213295,Clouds,2.66919678412854,12.0,580.1942480388708,12.000080160799063,12.0,200.0,169.30287652195292,0.0019353196938625813,-160.02591104069478,20.573227822376033,0.05209671605146364
25967.0,0.06481467512148797,0.601192409036983,171.99627317213495,Clouds,2.670941351076172,12.0,578.2305042990808,12.000077042636402,12.0,200.0,169.27342812195053,0.0019287693498249406,-159.9979464540338,20.601192409036983,0.051903699108241275
25968.0,0.06422487948666422,0.6279641179319628,171.9695698801412,Clouds,2.672791782745695,12.0,576.3450537664947,12.000073893110553,12.0,200.0,169.24505955016255,0.0019224801638155111,-159.97117474513882,20.627964117931967,0.051718547232964755
25969.0,0.0636633523512049,0.6535535935010696,171.94404948239412,Clouds,2.6747147443146577,12.0,574.5386690898695,12.000070713109324,12.0,200.0,169.21779342324152,0.001916454713113128,-159.94558526956973,20.65355359350107,0.05154131483797826
25970.0,0.06312949880475849,0.6779749010657079,171.91969789303815,Clouds,2.6766740289250137,12.0,572.8120999342818,12.000067503576574,12.0,200.0,169.1916518092504,0.0019106954983313215,-159.9211639620051,20.67797490106571,0.05137205486273444
25971.0,0.06262266918201986,0.7012452958336621,171.89649783511146,Clouds,2.678630839880368,12.0,571.1660717410684,12.000064265512375,12.0,200.0,169.16665617655735,0.0019052049392819228,-159.89789356723713,20.701245295833665,0.05121081867375434
25972.0,0.06214216899053482,0.7233848187309229,171.87442924474425,Clouds,2.6805442504076176,12.0,569.6012842072529,12.000060999971618,12.0,200.0,169.14282733839974,0.0018999853699029777,-159.87575404433986,20.723384818730924,0.0510576559368682
25973.0,0.061687273285898625,0.7444156688324925,171.85346989872912,Clouds,2.682371881881771,12.0,568.1184100819589,12.000057708063979,12.0,200.0,169.12018540232782,0.0018950390342440135,-159.8547231942383,20.744415668832495,0.05091261451951916
25974.0,0.061257246182138514,0.764361316983803,171.83359630094483,Clouds,2.684070845192001,12.0,566.7180936671186,12.00005439095183,12.0,200.0,169.09874971538855,0.0018903680814649404,-159.83477754608697,20.764361316983802,0.05077574036426975
25975.0,0.06085136652957984,0.7832453093250951,171.81478487884857,Clouds,2.6855989873466966,12.0,565.4009496066567,12.000051049849494,12.0,200.0,169.07853881411194,0.001885974561797204,-159.8158935537457,20.783245309325093,0.050647077389955227
25976.0,0.06046896033593313,0.8010897307067899,171.79701352010807,Clouds,2.6869164794557405,12.0,564.1675615568438,12.000047686021057,12.0,200.0,169.0595703732722,0.0018818604221085636,-159.79804913236399,20.80108973070679,0.05052666738012774
25977.0,0.060109440372362766,0.8179133048858155,171.78026347243696,Clouds,2.687987764920587,12.0,563.018481001317,12.00004430077891,12.0,200.0,169.0418611576305,0.0018780275019504228,-159.78122555818499,20.817913304885813,0.05041454988584471
25978.0,0.059772352654839656,0.8337291445871624,171.7645215935819,Clouds,2.688783856970341,12.0,561.9542260570483,12.000040895481519,12.0,200.0,169.02542697448567,0.0018744775295749712,-159.76540971848362,20.83372914458716,0.050310762125894734
25979.0,0.05945742856263464,0.8485422099951433,171.7497828928816,Clouds,2.689284925543563,12.0,560.9752803516519,12.000037471531115,12.0,200.0,169.0102826284438,0.0018712121181902847,-159.75059665307563,20.84854220999514,0.05021533889420085
25980.0,0.05916463985097381,0.862346607940109,171.7360532321325,Clouds,2.6894830413587725,12.0,560.0820919537844,12.000034030371287,12.0,200.0,168.99644187830359,0.0018682327623925226,-159.7367922551307,20.862346607940108,0.05012831247013344
25981.0,0.05889425183921959,0.8751229614306409,171.7233519561217,Clouds,2.689384846970974,12.0,559.2750723815676,12.000030573483984,12.0,200.0,168.98391739661375,0.0018655408348583857,-159.72401590164014,20.87512296143064,0.050049712536992745
25982.0,0.05864686763437732,0.8868361991721301,171.71171410317552,Clouds,2.6890138046868364,12.0,558.5545957089604,12.000027102386435,12.0,200.0,168.97272073238074,0.00186313758336429,-159.71230266389864,20.886836199172127,0.04997956610791523
25983.0,0.05842345367047913,0.8974342433631076,171.7011917174126,Clouds,2.688411544859468,12.0,557.9209976428228,12.000023618628868,12.0,200.0,168.96286227510515,0.001861024127707785,-159.7017046197077,20.897434243363108,0.04991789744796505
25984.0,0.058216030592184276,0.9072906487851851,171.69141120974666,Clouds,2.687195257348244,12.0,557.3745748336985,12.000020123790254,12.0,200.0,168.95435122437985,0.0018592014574085733,-159.6918482142856,20.907290648785185,0.04986472801854338
25985.0,0.05801615198796467,0.9168040768987387,171.68197388385346,Clouds,2.684958246566675,12.0,556.9155841424812,12.000016619475423,12.0,200.0,168.94719556087125,0.0018576704292623705,-159.68233478617205,20.916804076898742,0.04982007641551066
25986.0,0.0578539995721804,0.9245331557119099,171.67432107637964,Clouds,2.683135096743452,12.0,556.5442420248002,12.000013107311474,12.0,200.0,168.94140202131837,0.0018564317652874382,-159.67460570735886,20.92453315571191,0.049783958317817054
25987.0,0.057729553153133106,0.9304718428311826,171.66845879398159,Clouds,2.6817263287852775,12.0,556.2607241022936,12.000009588943676,12.0,200.0,168.9369760787434,0.0018554860512945046,-159.6686670202396,20.930471842831185,0.049756386452901494
25988.0,0.05764279611719347,0.9346155130801449,171.66439162577996,Clouds,2.6807323310505584,12.0,556.0651646775943,12.000006066032086,12.0,200.0,168.9339219241737,0.0018548337352689316,-159.66452334999065,20.934615513080143,0.04973737055568628
25989.0,0.057593715800574874,0.9369609725250504,171.6621227294216,Clouds,2.680153358300741,12.0,555.9576564383407,12.000002540247511,12.0,200.0,168.932242453777,0.0018544751263834018,-159.66217789054573,20.93696097252505,0.049726917343844365
25990.0,0.05758320019878621,0.9374636161463721,171.66165382025267,Clouds,2.6799895307090282,12.0,555.9382501948483,11.999999013267734,12.0,200.0,168.93193925904757,0.0018544103941228844,-159.6616752469244,20.937463616146374,0.04972503049604587
25991.0,0.057612657116502375,0.9360556901929178,171.66298516829545,Clouds,2.6802408339986226,12.0,556.0069548793782,11.999995486773113,12.0,200.0,168.93301262364412,0.0018546395682821953,-159.66308317287786,20.93605569019292,0.04973171065270758
25992.0,0.05767978015220587,0.9328487322684789,171.6661155939654,Clouds,2.680907118614106,12.0,556.163737362087,11.999991962443133,12.0,200.0,168.93546151995207,0.0018551625383520722,-159.6662901308023,20.93284873226848,0.04974695539922643
25993.0,0.05778457532222209,0.92784539966949,171.67104247631988,Clouds,2.681988101105489,12.0,556.4085227587475,11.999988441951741,12.0,200.0,168.93928361591998,0.0018559790545456198,-159.6712934634013,20.92784539966949,0.049770759294433045
25994.0,0.05792705264336934,0.9210497897911407,171.67776175413496,Clouds,2.683483363184633,12.0,556.7411942662497,11.999984926964355,12.0,200.0,168.94447527709855,0.0018570887272496021,-159.67808907327966,20.92104978979114,0.04980311385177322
25995.0,0.058107225971833154,0.9124674203840308,171.6862679455426,Clouds,2.68539235439711,12.0,557.1615937872904,11.999981419132991,12.0,200.0,168.9510315835486,0.0018584910291081786,-159.68667144268676,20.912467420384033,0.04984400759688716
25996.0,0.058325112472270124,0.902105217994035,171.69655415952258,Clouds,2.687714392262759,12.0,557.669522039173,11.999977920093107,12.0,200.0,168.95894634118775,0.0018601852953858264,-159.69703364507674,20.902105217994034,0.049893426072020956
25997.0,0.05854076839437394,0.8918668603421221,171.70671675342925,Clouds,2.6885532967655483,12.0,558.2647392525882,11.99997443145932,12.0,200.0,168.96821210476546,0.0018621707262982188,-159.70727200272867,20.891866860342123,0.049951351898245365
25998.0,0.058779388361002494,0.8805587116367802,171.71794939760946,Clouds,2.6891114345351372,12.0,558.946965555814,11.999970954822185,12.0,200.0,168.9788201982701,0.0018644463882937774,-159.718580151434,20.88055871163678,0.05001776480420857
25999.0,0.059041731090527794,0.8681509220573553,171.73028197583983,Clouds,2.6894285915867693,12.0,559.7158816792183,11.999967491744554,12.0,200.0,168.99076074256752,0.0018670112164036442,-159.73098794101344,20.868150922057357,0.05009264168555999
26000.0,0.05932690503948135,0.8546922415654046,171.7436657714454,Clouds,2.6894671303474613,12.0,560.571129613288,11.999964043758355,12.0,200.0,169.00402268443912,0.0018698640164366241,-159.7444466215054,20.854692241565406,0.05017595665880052
26001.0,0.05963437783396752,0.8402146202993113,171.75806886682696,Clouds,2.689207352155197,12.0,561.5123136474654,11.999960612361,12.0,200.0,169.01859383352127,0.0018730034684443773,-159.75892424277146,20.84021462029931,0.050267681150509835
26002.0,0.059963945781117856,0.8247347637837696,171.77347458819483,Clouds,2.6886459087598293,12.0,562.5390010475857,11.999957199012771,12.0,200.0,169.03446089548464,0.0018764281289811021,-159.774404099287,20.82473476378377,0.050367783950344955
26003.0,0.06031568711319063,0.8082564657875452,171.7898791726496,Clouds,2.687793430208149,12.0,563.6507230056757,11.999953805134009,12.0,200.0,169.05160951115133,0.0018801364342717244,-159.79088239728324,20.808256465787544,0.050476231290105505
26004.0,0.0606899081089462,0.7907732694263787,171.80728910701356,Clouds,2.6866718177074516,12.0,564.8469759273045,11.999950432102075,12.0,200.0,169.0700243023524,0.001884126704506037,-159.8083655936444,20.790773269426378,0.05059298695367636
26005.0,0.06108708843663374,0.7722711459778522,171.82571844897214,Clouds,2.6853115242080134,12.0,566.1272222826583,11.999947081249365,12.0,200.0,169.08968891241952,0.0018883971466775802,-159.82686771709294,20.772271145977854,0.05071801234462936
26006.0,0.06150783022541145,0.7527309731728794,171.84518634873183,Clouds,2.6837490283402965,12.0,567.4908918412867,11.999943753860963,12.0,200.0,169.11058605380205,0.0018929458587023116,-159.8464078898979,20.75273097317288,0.050851266589478625
26007.0,0.06195281307354816,0.7321307068812919,171.86571487729435,Clouds,2.682024615915503,12.0,568.9373827794145,11.999940451172815,12.0,200.0,169.13269755475062,0.001897770833112201,-159.86700815618948,20.732130706881293,0.05099270662817418
26008.0,0.06242275617567017,0.7104471911345305,171.88732721638792,Clouds,2.6801805155060654,12.0,570.4660632247991,11.999937174369604,12.0,200.0,169.15600441353524,0.0019028699622083193,-159.88869167193624,20.710447191134527,0.05114228734659582
26009.0,0.06291838736960154,0.6876576176097632,171.91004619895878,Clouds,2.6782593921932527,12.0,572.0762722647122,11.99993392458363,12.0,200.0,169.18048684510939,0.0019082410414231043,-159.91148124546103,20.687657617609766,0.051299961656133874
26010.0,0.06344041890868823,0.6637406465520519,171.93389318822045,Clouds,2.6763031746621575,12.0,573.7673212591334,11.999930702893513,12.0,200.0,169.2061243329566,0.0019138817737007026,-159.93539821651873,20.663740646552053,0.05146568060167886
26011.0,0.06398952926727508,0.6386772248629722,171.95888725953222,Clouds,2.674352177585579,12.0,575.5384956290267,11.999927510322676,12.0,200.0,169.23289568842955,0.0019197897754620187,-159.96046163820782,20.63867722486297,0.05163939351710055
26012.0,0.06456634957521534,0.6124511696871178,171.98504461681551,Clouds,2.6724444778864913,12.0,577.3890553659467,11.999924347839483,12.0,200.0,169.26077909087485,0.001925962578304577,-159.9866876933837,20.61245116968712,0.05182104805415851
26013.0,0.06517145485954762,0.5850495134263977,172.01237824749762,Clouds,2.6706154975008154,12.0,579.3182376486119,11.999921216355318,12.0,200.0,169.28975215957965,0.0019323976377304726,-160.0140893496444,20.585049513426398,0.05201059041714613
26014.0,0.06580535791033715,0.5564627135879642,172.04089771268133,Clouds,2.6688977568262873,12.0,581.3252571379245,11.999918116725395,12.0,200.0,169.31979199048374,0.001939092334130449,-160.04267614948282,20.556462713587965,0.052207965371314224
26015.0,0.06646850625327477,0.5266847089591241,172.070609090956,Clouds,2.667320758468973,12.0,583.4093078293525,11.999915049748116,12.0,200.0,169.3508752160846,0.0019460439789627814,-160.07245415411165,20.526684708959124,0.05241311640240574
26016.0,0.06716128107873837,0.49571287778178796,172.10151502021805,Clouds,2.6659109723039838,12.0,585.5695647248886,11.999912016164854,12.0,200.0,169.38297806205526,0.0019532498203303317,-160.103425985289,20.495712877781788,0.052625985858819675
26017.0,0.06788399743056678,0.4635479321559258,172.13361480328268,Clouds,2.6646918960741783,12.0,587.8051847621535,11.999909016660645,12.0,200.0,169.4160763921871,0.0019607070460797033,-160.13559093091487,20.463547932155926,0.05284651502141496
26018.0,0.06863690583033527,0.4301937435374339,172.1669045823822,Clouds,2.6636841690020723,12.0,590.1153088535833,11.999906051864023,12.0,200.0,169.45014576909816,0.0019684127906032358,-160.16894511953336,20.430193743537433,0.05307464428193006
26019.0,0.06942019415223843,0.3956571545580398,172.2013775273756,Clouds,2.6629057229562876,12.0,592.4990623825344,11.99990312234839,12.0,200.0,169.48516149124956,0.0019763641364938353,-160.20348170851275,20.39565715455804,0.05331031316975574
26020.0,0.07023399056935009,0.3599477427461007,172.2370240720266,Clouds,2.6623719560205803,12.0,594.9555574888761,11.999900228631954,12.0,200.0,169.52109865545015,0.0019845581221688913,-160.2391911203247,20.3599477427461,0.05355346055584337
26021.0,0.07107836632475384,0.3230775932036263,172.27383214135557,Clouds,2.6620959196566476,12.0,597.4838939099203,11.999897371179076,12.0,200.0,169.5579321969859,0.0019929917446753127,-160.27606126986714,20.323077593203625,0.05380402471304181
26022.0,0.07195333880414595,0.285061060474209,172.31178738979338,Clouds,2.662088510600078,12.0,600.0831603022366,11.999894550401272,12.0,200.0,169.59563693576717,0.0020016619640986317,-160.3140778025966,20.285061060474206,0.0540619434261153
26023.0,0.07285887478838127,0.24591452638091932,172.35087344336193,Clouds,2.662358662037874,12.0,602.7524359728409,11.999891766658068,12.0,200.0,169.6341876271828,0.0020105657093376274,-160.3532243366899,20.24591452638092,0.05432715414123068
26024.0,0.07379489338013473,0.20565617680612616,172.39107212292805,Clouds,2.662913529851258,12.0,605.4907917402564,11.99988902025856,12.0,200.0,169.67355899904643,0.0020196998809765138,-160.39348268626466,20.20565617680613,0.054599594030360826
26025.0,0.07476126901996666,0.16430578007271848,172.43236366584992,Clouds,2.663758670899325,12.0,608.2972913172148,11.999886311462685,12.0,200.0,169.7137257948428,0.0020290613558971347,-160.43483308299807,20.16430578007272,0.05487920010780048
26026.0,0.07575783432904021,0.12188447898388771,172.47472693396875,Clouds,2.6648982115157227,12.0,611.1709925211054,11.999883640482672,12.0,200.0,169.75466281312268,0.0020386469913165907,-160.4772543840869,20.121884478983887,0.05516590933034061
26027.0,0.07678438275141575,0.0784145980389525,172.51813960642812,Clouds,2.666335004962171,12.0,614.1109482913527,11.999881007484667,12.0,200.0,169.79634494278787,0.0020484536281808415,-160.52072426503184,20.078414598038954,0.055459658678110306
26028.0,0.07784067125827387,0.03391945501136307,172.56257836812443,Clouds,2.668070777659593,12.0,617.1162082843085,11.999878412590046,12.0,200.0,169.8387472051698,0.0020584780964846973,-160.56521940805942,20.03391945501136,0.05576038529506482
26029.0,0.07892642257953564,-0.011576800273196972,172.60801907097078,Clouds,2.6701062633433184,12.0,620.1858195103945,11.999875855877352,12.0,200.0,169.88184478109446,0.0020687172173970915,-160.61071566334397,19.988423199726803,0.056068026533036566
26030.0,0.08004132743940545,-0.05804934020791657,172.65443688820508,Clouds,2.6724413258383435,12.0,623.3188273735112,11.999873337383995,12.0,200.0,169.9256130423295,0.002079167806728184,-160.6571882032787,19.941950659792084,0.056382520037254615
26031.0,0.08118504688817918,-0.105472810345182,172.70180646535977,Clouds,2.675075071299692,12.0,626.5142773259498,11.999870857107615,12.0,200.0,169.9700275901647,0.0020898266804495456,-160.70461167341597,19.894527189654816,0.05670380389536436
26032.0,0.08235722490439373,-0.1538214413672514,172.7501020322845,Clouds,2.6780059485034458,12.0,629.7712147003291,11.999868415008473,12.0,200.0,170.015064267179,0.0021006906541335643,-160.75296030443806,19.846178558632747,0.05703181660204293
26033.0,0.08355744538534227,-0.20306918281563985,172.79929753690033,Clouds,2.681231840983468,12.0,633.0886867679945,11.999866011010592,12.0,200.0,170.06069919866627,0.002111756549819524,-160.8022080458864,19.79693081718436,0.05736649725060422
26034.0,0.08478530335957324,-0.25318979904526645,172.84936674120019,Clouds,2.68475014846334,12.0,636.4657429639245,11.9998636450039,12.0,200.0,170.10690880719767,0.002123021196763811,-160.85232866211607,19.746810200954734,0.05770778553917265
26035.0,0.08604035896236872,-0.3041569667598579,172.90028331882098,Clouds,2.6885578603725904,12.0,639.901435881102,11.999861316845914,12.0,200.0,170.15366983659243,0.002134481434756781,-160.90329582983063,19.69584303324014,0.05805562185595012
26036.0,0.08732215120715009,-0.3559443577794339,172.95202093785124,Clouds,2.6926516211469256,12.0,643.394821883016,11.999859026363596,12.0,200.0,170.2009593693777,0.0021461341161658444,-160.9550832208502,19.644055642220565,0.058409947326629616
26037.0,0.08863019966807556,-0.40852572309421087,173.004553344918,Clouds,2.6970277891512455,12.0,646.9449623683524,11.999856773354857,12.0,200.0,170.24875485183816,0.0021579761101540203,-161.00766458616502,19.59147427690579,0.05877070392858102
26038.0,0.08996400571633384,-0.46187495317944394,173.05785442554418,Clouds,2.7016824878621475,12.0,650.550923953708,11.999854557590535,12.0,200.0,170.29703410318518,0.0021700043032894046,-161.06101381625024,19.538125046820557,0.059137834496832346
26039.0,0.09132305394961426,-0.5159661408547135,173.11189826704373,Clouds,2.706611651882594,12.0,654.2117793015043,11.999852378816035,12.0,200.0,170.34577533236592,0.0021822156023067942,-161.11510500392552,19.484033859145285,0.059511282795179185
26040.0,0.09270681350787979,-0.5707736345785883,173.1666592118524,Clouds,2.7118110674101734,12.0,657.9266077347795,11.999850236752996,12.0,200.0,170.39495715087452,0.002194606936158412,-161.16991249764936,19.429226365421414,0.05989099356772197
26041.0,0.0941147392740444,-0.6262720825808248,173.22211190169722,Clouds,2.717276407603565,12.0,661.6944956250652,11.999848131101002,12.0,200.0,170.44455858152602,0.0022071752573077246,-161.22541094565162,19.373727917419174,0.06027691256762463
26042.0,0.09554627337927718,-0.6824364847200332,173.2782313294824,Clouds,2.723003264971952,12.0,665.5145376634231,11.999846061538888,12.0,200.0,170.494559077834,0.0022199175459691623,-161.2815753477908,19.317563515279968,0.06066898667643982
26043.0,0.09700084591147223,-0.7392422090780217,173.33499285592893,Clouds,2.7289871768868257,12.0,669.3858360606432,11.999844027726818,12.0,200.0,170.5449385152285,0.00223283080744027,-161.33838107214882,19.26075779092198,0.06106716381359628
26044.0,0.09847787655918205,-0.7966650417986283,173.3923722594349,Clouds,2.735223651456243,12.0,673.3075022988104,11.99984202930728,12.0,200.0,170.5956772148718,0.002245912077944304,-161.3958039048694,19.203334958201374,0.06147139310681026
26045.0,0.09997677546076228,-0.8546812025040916,173.4503457515301,Clouds,2.741708187258748,12.0,677.2786568072992,11.99984006590684,12.0,200.0,170.64675593942002,0.002259158423549465,-161.45382006557486,19.145318797495907,0.06188162485132913
26046.0,0.1014969442976188,-0.9132673665091806,173.50888999912092,Clouds,2.748436291368665,12.0,681.2984293356822,11.999838137137557,12.0,200.0,170.6981558972107,0.0022725669414127895,-161.51240622957997,19.08673263349082,0.06229781054154171
26047.0,0.10303777765599159,-0.9724006947659407,173.56798215445843,Clouds,2.7554034962859904,12.0,685.3659600746699,11.999836242598061,12.0,200.0,170.74985875519286,0.0022861347635192006,-161.57153955783673,19.02759930523406,0.0627199029795758
26048.0,0.10459866355530917,-1.0320588295009134,173.62759985081448,Clouds,2.7626053710795317,12.0,689.4803986145649,11.999834381875345,12.0,200.0,170.80184662357254,0.0022998590532072854,-161.63119769257173,18.96794117049909,0.06314785616239944
26049.0,0.10617898505243839,-1.0922199292651715,173.68772123754752,Clouds,2.7700375355703892,12.0,693.6409057845998,11.999832554545483,12.0,200.0,170.85410207650952,0.0023137370113046666,-161.69135879233596,18.907780070734827,0.0635816254676033
26050.0,0.10777812063257741,-1.1528626558677688,173.74832496707344,Clouds,2.777695667363076,12.0,697.8466523332538,11.999830760175351,12.0,200.0,170.90660813219858,0.0023277658717260116,-161.75200151893853,18.847137344132232,0.06402116751178985
26051.0,0.10939544561669684,-1.2139661987765988,173.80939021928282,Clouds,2.7855755122039003,12.0,702.0968203297657,11.99982899832339,12.0,200.0,170.95934826678632,0.0023419429061479783,-161.8131050618474,18.7860338012234,0.06446644029255369
26052.0,0.11103033310027449,-1.2755102803887368,173.8708967068354,Clouds,2.7936728910180824,12.0,706.3906033740984,11.999827268540704,12.0,200.0,171.0123064126089,0.0023562654247095785,-161.87464914345952,18.724489719611263,0.06491740320841148
26053.0,0.11268215447224422,-1.3374751446895363,173.93282466384815,Clouds,2.801983703772751,12.0,710.7272057540063,11.999825570372405,12.0,200.0,171.06546694310697,0.0023707307732004595,-161.93661400776034,18.662524855310462,0.06537401696841345
26054.0,0.11435028051689472,-1.3998415672928144,173.99515485595316,Clouds,2.810503935283716,12.0,715.1058431838021,11.999823903358411,12.0,200.0,171.11881467700286,0.0023853363355251654,-161.9989804303636,18.600158432707186,0.06583624366659618
26055.0,0.11603408249708158,-1.4625908641382988,174.0578685890115,Clouds,2.8192296602738742,12.0,719.5257435457368,11.99982226703422,12.0,200.0,171.17233488187694,0.002400079536176113,-162.06172972720907,18.5374091358617,0.06630404686068007
26056.0,0.11773294017439223,-1.5257048694111621,174.1209476870606,Clouds,2.8281570435521792,12.0,723.9861455422734,11.999820660932176,12.0,200.0,171.2260132520796,0.0024149578357380605,-162.12484373248196,18.47429513058884,0.06677739142883403
26057.0,0.11944621118970361,-1.5891659533208127,174.18437451010263,Clouds,2.8372823451795695,12.0,728.4863002158961,11.999819084581913,12.0,200.0,171.27983592119256,0.0024299687359576475,-162.1883048163916,18.410834046679188,0.06725624373048669
26058.0,0.12117328094558122,-1.6529570064587675,174.24813193848433,Clouds,2.8466019205366773,12.0,733.0254701754707,11.999817537511367,12.0,200.0,171.33378944642192,0.002445109777162809,-162.25209586952957,18.34704299354123,0.06774057152572674
26059.0,0.12291352935182853,-1.7170614378895108,174.31220337100234,Clouds,2.856112221901954,12.0,737.6029298377114,11.999816019247447,12.0,200.0,171.3878608050983,0.0024603785390682224,-162.31620030096028,18.282938562110488,0.06823034400211479
26060.0,0.12466634024428341,-1.78146316644877,174.3765727162182,Clouds,2.8658097987028377,12.0,742.2179652290833,11.999814529316787,12.0,200.0,171.44203738575976,0.0024757726401145267,-162.38060202951957,18.21853683355123,0.06872553175562347
26061.0,0.12643110236656152,-1.8461466262499369,174.44122439797354,Clouds,2.87569129963571,12.0,746.8698748432823,11.999813067246162,12.0,200.0,171.4963069914529,0.002491289740328565,-162.44528548932072,18.153853373750064,0.06922610688492581
26062.0,0.12820720942317715,-1.9110967386622566,174.50614332738976,Clouds,2.8857534694488782,12.0,751.5579681253811,11.999811632563478,12.0,200.0,171.55065781510848,0.0025069275362670433,-162.51023560173306,18.088903261337745,0.06973204283238991
26063.0,0.12999406132233315,-1.9762989285863117,174.57131491914652,Clouds,2.89599315227382,12.0,756.2815671627887,11.999810224797901,12.0,200.0,171.60507845230393,0.002522683766656961,-162.57543779165712,18.02370107141369,0.07024331456877171
26064.0,0.13179106407659102,-2.04173909233047,174.63672505937825,Clouds,2.9064072873047846,12.0,761.0400049115996,11.999808843480782,12.0,200.0,171.65955787366676,0.002538556206479349,-162.64087795540124,17.95826090766953,0.07075989840672829
26065.0,0.1335976309014571,-2.107403610077797,174.70236011814404,Clouds,2.9169929112842095,12.0,765.8326266605308,11.999807488145793,12.0,200.0,171.7140854346962,0.0025545426718524412,-162.7065424731486,17.8925963899222,0.07128177216366319
26066.0,0.13541318237638728,-2.173279324989106,174.76820692854463,Clouds,2.9277471556227863,12.0,770.6587890949195,11.999806158329573,12.0,200.0,171.76865085785641,0.002570641016909503,-162.7724181880599,17.826720675010893,0.07180891506545248
26067.0,0.13723714698366118,-2.23935353702654,174.83425278055367,Clouds,2.9386672457194014,12.0,775.5178604350051,11.999804853572073,12.0,200.0,171.82324422706745,0.0025868491342600926,-162.83849240009732,17.760646462973458,0.07234130776681734
26068.0,0.1390689614494044,-2.3056139905484625,174.90048540862182,Clouds,2.9497504991756385,12.0,780.4092201256315,11.999803573416985,12.0,200.0,171.87785597712224,0.0026031649539550172,-162.90475285361924,17.694386009451538,0.0728789323239525
26069.0,0.14090807147015683,-2.3720488768329857,174.96689299420387,Clouds,2.9609943264480605,12.0,785.3322596328347,11.999802317411904,12.0,200.0,171.9324768954675,0.0026195864461434674,-162.97118773990377,17.627951123167016,0.07342177228835256
26070.0,0.1427539314872281,-2.4386468031883277,175.0334641348827,Clouds,2.972396225809548,12.0,790.2863807736541,11.999801085108945,12.0,200.0,171.98709809654343,0.0026361116155018617,-163.0377856662591,17.561353196811673,0.07396981252970639
26071.0,0.14460600568698262,-2.505396807401143,175.10018785881587,Clouds,2.9839537859272847,12.0,795.270997399426,11.999799876064687,12.0,200.0,172.04171103345863,0.002652738506848715,-163.10453567047193,17.494603192598856,0.07452303942995601
26071.941,0.14635401110218083,-2.5683379801319823,175.16310475482842,Clouds,2.9949695214966376,12.0,799.9888554819127,11.999798759202294,12.0,200.0,172.0930868817642,0.002668475587474294,-163.16747684320276,17.431662019868018,0.0750483515675931
