Times,BER,EbNo,Prop_Loss,Weather,Rain_Loss,EIRP,Range,Rcvd_Frequency,g_over_T,Bandwidth,Free_Space_Loss,Propagation_Delay,Rcvd_Iso_Power,C/No,Atmos Loss
6036.852,0.06873673208317377,0.42578303861416306,172.1693164812062,Clear,0.0,12.0,799.9816668726627,12.000185932150565,12.0,200.0,172.093008830993,0.0026684516088548924,-160.17335582445662,20.425783038614163,0.07630765021320501
6037.0,0.06856598898729926,0.43332876503151696,172.16177515573054,Clear,0.0,12.0,799.2945719119309,12.000185729668022,12.0,200.0,172.08554541570268,0.002666159706765975,-160.1658100980393,20.43332876503152,0.07622974002784456
6038.0,0.06741815970886839,0.48426348380792933,172.11087047455905,Clear,0.0,12.0,794.6717824946039,12.000184347665,12.0,200.0,172.0351639868039,0.002650739741073152,-160.11487537926286,20.48426348380793,0.07570648775518274
6039.0,0.06628071430095361,0.5351042223745014,172.06006030480142,Clear,0.0,12.0,790.0838231258721,12.000182941211946,12.0,200.0,171.9848715380076,0.002635435955916783,-160.06403464069626,20.5351042223745,0.07518876679380906
6040.0,0.06515394423123977,0.5858408977867164,172.00935473766532,Clear,0.0,12.0,785.531309919595,12.000181509928161,12.0,200.0,171.93467814179593,0.0026202504064314885,-160.01329796528407,20.585840897786717,0.07467659586940006
6041.0,0.06403813826739485,0.6364631266638658,171.9587641647933,Clear,0.0,12.0,781.0148676986428,12.000180053432981,12.0,200.0,171.88459416988303,0.002605185176802022,-159.9626757364069,20.636463126663863,0.07416999491025655
6042.0,0.06293358236676844,0.6869602088162314,171.90829929462294,Clear,0.0,12.0,776.5351310568835,12.000178571346366,12.0,200.0,171.8346303094595,0.0025902423838056778,-159.91217865425457,20.68696020881623,0.07366898516341966
6043.0,0.06184055922989623,0.7373211259270247,171.85797115369425,Clear,0.0,12.0,772.09274406956,12.000177063289385,12.0,200.0,171.78479756453567,0.0025754241758462115,-159.86181773714375,20.737321125927025,0.07317358915857293
6044.0,0.06075934791773502,0.7875345375325892,171.80779109065833,Clear,0.0,12.0,767.6883602598824,12.00017552888474,12.0,200.0,171.73510725995587,0.0025607327328424066,-159.81160432553818,20.787534537532586,0.07268383070246417
6045.0,0.059690223530647846,0.8375887743119954,171.75777078297457,Clear,0.0,12.0,763.3226428122389,12.000173967757357,12.0,200.0,171.68557104807448,0.0025461702669392666,-159.7615500887588,20.837588774311996,0.0721997349000818
6046.0,0.058633456566886566,0.8874718467192741,171.70792222826887,Clear,0.0,12.0,758.9962634633378,12.000172379534838,12.0,200.0,171.63620090023826,0.002531739018809265,-159.71166701635153,20.887471846719272,0.07172132803058806
6047.0,0.05758931298574954,0.9371714209309323,171.6582577683664,Clear,0.0,12.0,754.7099042565679,12.00017076384836,12.0,200.0,171.58700913062597,0.0025174412635042605,-159.66196744213985,20.93717142093093,0.0712486377404467
6048.0,0.05655805337746489,0.9866748372766153,171.60879007085293,Clear,0.0,12.0,750.4642556183566,12.000169120333048,12.0,200.0,171.5380083780221,0.002503279304038918,-159.61246402579417,20.986674837276613,0.07078169283082375
6049.0,0.055539916886992446,1.0359690960186296,171.55953214327644,Clear,0.0,12.0,746.2600172932785,12.000167448628838,12.0,200.0,171.48921161991592,0.002489255474509897,-159.56316976705216,21.035969096018633,0.07032052336055404
6050.0,0.054535182630732204,1.08504085863451,171.51049733184988,Clear,0.0,12.0,742.0978979545896,12.00016574838116,12.0,200.0,171.44063217124506,0.0024753721387967323,-159.51409800443628,21.08504085863451,0.06986516060481643
6051.0,0.05354407925053983,1.1338764466101634,171.4616993226408,Clear,0.0,12.0,737.9786150568814,12.000164019241716,12.0,200.0,171.39228368560146,0.0024616316900703396,-159.46526241646063,21.133876446610167,0.06941563703934328
6052.0,0.05256684292813285,1.1824618407632055,171.4131521422317,Clear,0.0,12.0,733.9028946703132,12.00016226086925,12.0,200.0,171.34418015590637,0.0024480365502400772,-159.41667702230757,21.182461840763203,0.06897198632532883
6053.0,0.051603702892136005,1.2307826781226794,171.36487016082012,Clear,0.0,12.0,729.8714715465238,12.000160472930459,12.0,200.0,171.29633591750166,0.0024345891701736,-159.3683561849481,21.23078267812268,0.06853424331843015
6054.0,0.05065488083654218,1.278824264616294,171.31686807951718,Clear,0.0,12.0,725.885087898095,12.000158655100655,12.0,200.0,171.24876563557763,0.0024212920256255913,-159.3203145984545,21.27882426461629,0.06810244393954304
6055.0,0.049720591015909366,1.326571555013171,171.26916095037808,Clear,0.0,12.0,721.9444949397614,12.000156807064998,12.0,200.0,171.20148432503183,0.0024081476223786836,-159.27256730805763,21.32657155501317,0.0676766253462348
6056.0,0.04880103951108422,1.374009176106166,171.22176415320632,Clear,0.0,12.0,718.0504508662566,12.000154928519116,12.0,200.0,171.15450732748906,0.00239515848949828,-159.22512968696464,21.374009176106167,0.06725682571723632
6057.0,0.04789642417307238,1.4211214172177578,171.17469340502277,Clear,0.0,12.0,714.2037215861017,12.000153019170245,12.0,200.0,171.10785032068515,0.002382327181780209,-159.17801744585302,21.421121417217755,0.06684308433763708
6058.0,0.04700693428364011,1.4678922366952833,171.12796475354963,Clear,0.0,12.0,710.4050801671652,12.000151078738204,12.0,200.0,171.06152931200458,0.0023696562779013117,-159.1312466263755,21.467892236695285,0.06643544154500915
6059.0,0.04613275035234632,1.5143052631712868,171.08159457592632,Clear,0.0,12.0,706.6553067543923,12.000149106956478,12.0,200.0,171.01556063720056,0.0023571483801450147,-159.0848335998995,21.514305263171284,0.06603393872574323
6060.0,0.04527404364912713,1.5603438128973421,171.03559956135726,Clear,0.0,12.0,702.9551872348867,12.000147103573065,12.0,200.0,170.9699609431773,0.0023448061099485256,-159.03879505017346,21.56034381289734,0.06563861817995767
6061.0,0.04443097638722299,1.605990874558916,170.98999672626505,Clear,0.0,12.0,699.305514574904,12.000145068351951,12.0,200.0,170.92474720299336,0.0023326321123625596,-158.99314798851185,21.60599087455892,0.06524952327166585
6062.0,0.043603701132140626,1.6512291376237624,170.9448033859259,Clear,0.0,12.0,695.7070866969789,12.000143001073852,12.0,200.0,170.87993668771537,0.002320629048970201,-158.94790972544703,21.651229137623762,0.06486669821050148
6063.0,0.04279236086188487,1.6960409882412928,170.9000371585404,Clear,0.0,12.0,692.1607070234977,12.00014090153759,12.0,200.0,170.8355469704224,0.002308799599700062,-158.9030978748295,21.696040988241293,0.06449018811803092
6064.0,0.04199708876917507,1.7404085214069642,170.85571595304546,Clear,0.0,12.0,688.6671837655413,12.000138769561184,12.0,200.0,170.79159591408282,0.002297146460454123,-158.85873034166383,21.740408521406962,0.06412003896265535
6065.0,0.04121798769114404,1.7843135481381003,170.81185796191062,Clear,0.0,12.0,685.2273296646624,12.000136604983128,12.0,200.0,170.74810166436959,0.0022856723422463895,-158.8148253149327,21.7843135481381,0.06375629754103598
6066.0,0.04045521113480441,1.8277376188813106,170.76848163771032,Clear,0.0,12.0,681.8419605217676,12.000134407663332,12.0,200.0,170.705082626376,0.002274379966295775,-158.77140124418946,21.827737618881308,0.06339901133433765
6067.0,0.03970884247526138,1.8706620148443291,170.72560570175582,Clear,0.0,12.0,678.5118962968785,12.000132177484788,12.0,200.0,170.66255747312084,0.0022632720676945065,-158.72847684822645,21.870662014844328,0.06304822863499959
6068.0,0.038978974874348205,1.9130677827926823,170.68324910928158,Clear,0.0,12.0,675.2379588718978,12.000129914354359,12.0,200.0,170.62054511095886,0.002252351387945516,-158.6860710802781,21.91306778279268,0.06270399832272552
6069.0,0.038265686119515425,1.954935737854921,170.64143104660744,Clear,0.0,12.0,672.0209723770579,12.000127618204264,12.0,200.0,170.57906467669522,0.0022416206760513565,-158.64420312521585,21.954935737854917,0.06236636991222508
6070.0,0.037569060612202394,1.9962464796751764,170.60017091495928,Clear,0.0,12.0,668.8617625354084,12.000125288993324,12.0,200.0,170.53813552146278,0.002231082686327647,-158.6028923833956,21.996246479675175,0.06203539349651414
6071.0,0.03688915562043908,2.036980421739872,170.55948830112135,Clear,0.0,12.0,665.761155071208,12.00012292670793,12.0,200.0,170.4977771815266,0.002220740173094041,-158.56215844133092,22.03698042173987,0.06171111959472577
6072.0,0.03622602464488348,2.077117789134483,170.51940297964256,Clear,0.0,12.0,662.7199765978199,12.000120531363732,12.0,200.0,170.45800938038414,0.002210595893635923,-158.5220210739363,22.077117789134483,0.0613935992584381
6073.0,0.035579711350811595,2.1166386593764246,170.47993487198772,Clear,0.0,12.0,659.7390522843663,12.000118103006391,12.0,200.0,170.41885198814447,0.0022006526004212093,-158.48250020369437,22.116638659376427,0.061082883843261326
6074.0,0.03495024994167184,2.155522971720073,170.4411040372004,Clear,0.0,12.0,656.8192059963956,12.000115641713037,12.0,200.0,170.38032501216168,0.0021909130415695634,-158.4436158913507,22.15552297172007,0.0607790250387262
6075.0,0.034337665315637624,2.193750552681401,170.40293064635492,Clear,0.0,12.0,653.9612592686137,12.000113147593366,12.0,200.0,170.3424485715778,0.002181379957425793,-158.40538831038938,22.1937505526814,0.06048207477711259
6076.0,0.03374197335064102,2.2313011369535642,170.36543496161372,Clear,0.0,12.0,651.166030693278,12.00011062079087,12.0,200.0,170.3052428764275,0.0021720560785197535,-158.36783772611722,22.231301136953565,0.06019208518621546
6077.0,0.033163181035981364,2.268154401275356,170.32863730234078,Clear,0.0,12.0,648.4343344108524,12.000108061483694,12.0,200.0,170.2687281938914,0.002162944120531719,-158.33098446179542,22.268154401275353,0.05990910844934569
6078.0,0.03260128691467831,2.3042899820058644,170.2925580274984,Clear,0.0,12.0,645.7669798840694,12.000105469885929,12.0,200.0,170.23292483069935,0.002154046783538729,-158.29484888106492,22.304289982005866,0.05963319679902204
6079.0,0.03205628136803172,2.3396875056449833,170.2572175051073,Clear,0.0,12.0,643.1647707696776,12.000102846248526,12.0,200.0,170.19785310268898,0.002145366748251144,-158.2594513574258,22.339687505644985,0.05936440241832152
6080.0,0.031528146975903955,2.3743266176323674,170.22263608342672,Clear,0.0,12.0,640.6285039846565,12.000100190860255,12.0,200.0,170.1635333060653,0.0021369066728978772,-158.22481224543841,22.374326617632367,0.05910277736143503
6081.0,0.03101685894713313,2.4081870094523388,170.18883406382852,Clear,0.0,12.0,638.1589689569951,12.000097504048682,12.0,200.0,170.12998569033311,0.0021286691907272566,-158.19095185361843,22.408187009452337,0.0588483734954091
6082.0,0.030522381277838843,2.4412484582118466,170.15583166120786,Clear,0.0,12.0,635.7569460253532,12.000094786180677,12.0,200.0,170.09723041885496,0.002120656904668873,-158.15789040485893,22.441248458211845,0.05860124235284842
6083.0,0.030044684094461354,2.4734908501557133,170.12364898044592,Clear,0.0,12.0,633.423206070464,12.00009203766345,12.0,200.0,170.0652875453325,0.0021128723861040693,-158.12564801291506,22.473490850155713,0.05836143511341349
6084.0,0.029583718478855308,2.5048942165886343,170.09230598047654,Clear,0.0,12.0,631.1585092915888,12.00008925894507,12.0,200.0,170.03417697797954,0.0021053181707846326,-158.09424464648214,22.50489421658863,0.05812900249701457
6085.0,0.02913943435143643,2.5354387650865617,170.06182244306098,Clear,0.0,12.0,628.9636043754646,12.000086450515106,12.0,200.0,170.00391844836383,0.002097996756060703,-158.06370009798422,22.53543876508656,0.0579039946971436
6086.0,0.028711776426827425,2.5651049225448075,170.03221792973602,Clear,0.0,12.0,626.839226859486,12.000083612904806,12.0,200.0,169.97453146850398,0.002090910595420936,-158.03403394052597,22.56510492254481,0.05768646123204374
6087.0,0.02830068484965138,2.593873362319805,170.00351175465934,Clear,0.0,12.0,624.7860986829675,12.000080746687692,12.0,200.0,169.94603530374053,0.002084062096995674,-158.00526550075097,22.593873362319805,0.05747645091879744
6088.0,0.027906095680329524,2.6217250431088197,169.97572294572677,Clear,0.0,12.0,622.804926928131,12.000077852479707,12.0,200.0,169.9184489339636,0.002077453619357332,-157.97741381996195,22.62172504310882,0.05727401176318188
6089.0,0.027527941469913622,2.648641242889637,169.94887021062877,Clear,0.0,12.0,620.8964029467265,12.000074930939391,12.0,200.0,169.891791019739,0.0020710874686071207,-157.95049762018115,22.64864124288964,0.05707919088973161
6090.0,0.027166151657373742,2.6746036064989016,169.9229718892811,Clear,0.0,12.0,619.0612005449345,12.000071982767468,12.0,200.0,169.86607985490562,0.0020649658923205284,-157.9245352565719,22.674603606498902,0.056892034375485026
6091.0,0.026820653381325332,2.6995941642887784,169.89804593515714,Clear,0.0,12.0,617.2999762404086,12.000069008707367,12.0,200.0,169.8413333478622,0.0020590910804047266,-157.899544698782,22.699594164288776,0.056712587294967046
6092.0,0.026491371811185216,2.7235953853991,169.87410986203446,Clear,0.0,12.0,615.6133670769664,12.000066009544359,12.0,200.0,169.81756896851783,0.002053465157809161,-157.87554347767167,22.723595385399097,0.05654089351662954
6093.0,0.02617823070898222,2.746590214778223,169.85118070698448,Clear,0.0,12.0,614.001989605368,12.000062986105076,12.0,200.0,169.79480371136714,0.0020480901811257973,-157.85254864829258,22.746590214778223,0.05637699561734498
6094.0,0.025881153190785763,2.7685620950014704,169.82927500855294,Clear,0.0,12.0,612.4664399271251,12.00005993925756,12.0,200.0,169.7730540736482,0.002042968138735248,-157.8305767680693,22.76856209500147,0.05622093490472331
6095.0,0.02560006202988041,2.7894950209821956,169.80840875208048,Clear,0.0,12.0,611.0072914208157,12.000056869909825,12.0,200.0,169.7523360008762,0.00203810094322258,-157.8096438420886,22.789495020982198,0.05607275120428221
6096.0,0.0253348803360141,2.8093735660843953,169.78859734360054,Clear,0.0,12.0,609.6250944645886,12.000053779009361,12.0,200.0,169.73266486075232,0.002033490430451685,-157.7897652969864,22.809373566084396,0.05593248284818022
6097.0,0.025085532081604058,2.8281829179763167,169.7698555740075,Clear,0.0,12.0,608.3203754511114,12.00005066754215,12.0,200.0,169.7140554074153,0.0020291383562795013,-157.77095594509447,22.828182917976317,0.055800166592227106
6098.0,0.0248519424907879,2.845908923157366,169.75219757456523,Clear,0.0,12.0,607.0936351738236,12.000047536531026,12.0,200.0,169.6965217370968,0.0020250463911731346,-157.7532299399134,22.845908923157367,0.05567583746840309
6099.0,0.024634038763191778,2.8625381040586513,169.73563679981848,Clear,0.0,12.0,605.9453490837553,12.00004438703514,12.0,200.0,169.68007727099166,0.0020212161210665124,-157.73660075901213,22.86253810405865,0.05555952882680475
6100.0,0.02443175036556013,2.8780577063259924,169.7201859803564,Clear,0.0,12.0,604.8759654054784,12.000041220147816,12.0,200.0,169.66473470819696,0.0020176490410758713,-157.7210811567448,22.87805770632599,0.05545127215942491
6101.0,0.02424500950120771,2.892455729986519,169.70585709168114,Clear,0.0,12.0,603.8859043257938,12.00003803699493,12.0,200.0,169.65050599464882,0.0020143465527935125,-157.70668313308425,22.89245572998652,0.05535109703231323
6102.0,0.024073751728081624,2.9057209458616717,169.69266133781798,Clear,0.0,12.0,602.9755581403618,12.000034838733859,12.0,200.0,169.63740230670336,0.0020113099647769053,-157.6934179172091,22.90572094586167,0.05525903111461616
6103.0,0.023917916166871656,2.9178429400698174,169.68060910687146,Clear,0.0,12.0,602.1452893964978,12.000031626550768,12.0,200.0,169.62543400686872,0.002008540486353722,-157.68129592300096,22.917842940069818,0.05517510000273881
6104.0,0.023777446036341545,2.928812129523461,169.66970995555891,Clear,0.0,12.0,601.3954309667099,12.00002840165921,12.0,200.0,169.6146106283193,0.002006039227867133,-157.6703267335473,22.928812129523457,0.055099327239614526
6105.0,0.023652288874890338,2.938619797684405,169.6599725735149,Clear,0.0,12.0,600.726284649323,12.000025165297371,12.0,200.0,169.60494083932983,0.0020038071960079896,-157.66051906538638,22.938619797684403,0.05503173418507955
6106.0,0.023542397063336384,2.947258102442782,169.65140477544276,Clear,0.0,12.0,600.1381216013873,12.000021918726677,12.0,200.0,169.59643243537437,0.002001845295258853,-157.65188076062802,22.94725810244278,0.05497234006839456
6107.0,0.02344772793377852,2.9547201117640047,169.64401346553706,Clear,0.0,12.0,599.6311807752091,12.00001866322859,12.0,200.0,169.58909230369648,0.0020001543226788217,-157.64441875130677,22.954720111764004,0.054921161840594986
6108.0,0.023368244169532756,2.960999811694085,169.6378046295182,Clear,0.0,12.0,599.2056691578091,12.000015400102786,12.0,200.0,169.58292641531247,0.0019987349687022784,-157.6381390513767,22.960999811694084,0.05487821420570787
6109.0,0.023303913909718494,2.966092132548876,169.63278330851125,Clear,0.0,12.0,598.8617606648223,12.000012130664002,12.0,200.0,169.57793979899463,0.0019975878134493373,-157.63304673052193,22.966092132548876,0.05484350951660828
6110.0,0.023254711120816098,2.9699929487812944,169.6289535992168,Clear,0.0,12.0,598.5995967330044,12.000008856240301,12.0,200.0,169.57413654137608,0.001996713328702233,-157.6291459142895,22.969992948781297,0.05481705784077222
6111.0,0.023220615606595937,2.9726991020515756,169.6263186309147,Clear,0.0,12.0,598.4192852184534,12.000005578169668,12.0,200.0,169.5715197640615,0.0019961118742301827,-157.6264397610192,22.972699102051575,0.05479886685321699
6112.0,0.02320161313757781,2.974208409362942,169.62488055738646,Clear,0.0,12.0,598.3209002075685,12.000002297797316,12.0,200.0,169.57009161556456,0.001995783697158814,-157.62493045370783,22.97420840936294,0.05478894182192605
6113.0,0.02319823325998709,2.974476944097373,169.6246405619176,Clear,0.0,12.0,598.3044826102952,11.999999016473652,12.0,200.0,169.56985327624784,0.001995728933949016,-157.62466191897343,22.974476944097372,0.05478728566976526
6114.0,0.023211192922602788,2.9734474194482448,169.62559884129476,Clear,0.0,12.0,598.3700392027891,11.999995735550675,12.0,200.0,169.57080494241546,0.0019959476072036117,-157.62569144362254,22.973447419448245,0.054793898879323996
6115.0,0.023239241746613556,2.9712204398062765,169.62775461254114,Clear,0.0,12.0,598.5175431113471,11.999992456379674,12.0,200.0,169.57294583299924,0.001996439627281575,-157.6279184232645,22.971220439806274,0.05480877954191951
6116.0,0.023282391550959004,2.967797795267301,169.63110611483188,Clear,0.0,12.0,598.7469338520841,11.999989180308475,12.0,200.0,169.576274191471,0.0019972047924303824,-157.63134106780348,22.967797795267302,0.05483192336090868
6117.0,0.023340660163961323,2.963182253710061,169.63565060941755,Clear,0.0,12.0,599.058117120201,11.999985908678283,12.0,200.0,169.5807872857891,0.0019982427880830844,-157.63595660936073,22.963182253710062,0.05486332362843094
6118.0,0.02341407137762891,2.957377548290518,169.6413843920791,Clear,0.0,12.0,599.45096532409,11.999982642821363,12.0,200.0,169.5864814208035,0.001999553188639889,-157.64176131478027,22.957377548290516,0.05490297127560522
6119.0,0.023502654799204072,2.950388367544086,169.648302802967,Clear,0.0,12.0,599.9253178299667,11.999979384058333,12.0,200.0,169.59335194807383,0.0020011354582841665,-157.64875049552668,22.950388367544086,0.05495085489319449
6120.0,0.023606445594528198,2.9422203485735867,169.65640023334578,Clear,0.0,12.0,600.4809808855844,11.999976133695052,12.0,200.0,169.60139327262692,0.002002988950727988,-157.6569185144972,22.94222034857359,0.055006960718900974
6121.0,0.023725484399763776,2.932880051669877,169.66567015093636,Clear,0.0,12.0,601.1177287144606,11.999972893020928,12.0,200.0,169.61059887819624,0.0020051129128620723,-157.6662588114009,22.932880051669876,0.05507127274014248
6122.0,0.023859816956830898,2.922374951588959,169.67610510856926,Clear,0.0,12.0,601.8353033643547,11.999969663305706,12.0,200.0,169.62096133589677,0.002007506484250363,-157.67676391148183,22.922374951588957,0.055143772672502644
6123.0,0.02400949383277397,2.9107134172275693,169.68769676445623,Clear,0.0,12.0,602.6334152551491,11.999966445797043,12.0,200.0,169.63247232445082,0.0020101686989575608,-157.68842544584322,22.91071341722757,0.055224440005458134
6124.0,0.02417457020059461,2.897904681856083,169.70043591192496,Clear,0.0,12.0,603.5117442870915,11.999963241719007,12.0,200.0,169.6451226598197,0.0020130984892458214,-157.7012341812147,22.897904681856083,0.05531325210525997
6125.0,0.024355105373309968,2.8839588281391015,169.7143124943313,Clear,0.0,12.0,604.4699398426118,11.999960052269005,12.0,200.0,169.65890231012708,0.002016294685580822,-157.71518003493168,22.8839588281391,0.05541018420425297
6126.0,0.024551162492050926,2.868886756936396,169.72931563622444,Clear,0.0,12.0,605.5076218263845,11.999956878616208,12.0,200.0,169.67380042672968,0.0020197560201010273,-157.73025210613437,22.868886756936394,0.05551520949476059
6127.0,0.02476280811759712,2.852700159735211,169.74543367087276,Clear,0.0,12.0,606.6243813817176,11.999953721899645,12.0,200.0,169.68980537168414,0.0020234811290073137,-157.74643870333557,22.852700159735214,0.05562829918861354
6128.0,0.024990111756459925,2.8354114924704628,169.76265416639578,Clear,0.0,12.0,607.8197814417794,11.999950583225987,12.0,200.0,169.70690474383517,0.0020274685544016567,-157.76372737060032,22.835411492470463,0.05574942256061016
6129.0,0.025233145450654828,2.8170339411735896,169.78096396008738,Clear,0.0,12.0,609.0933577873075,11.999947463668274,12.0,200.0,169.72508541304654,0.0020317167478152752,-157.7821049218972,22.81703394117359,0.05587854704078809
6130.0,0.02549198328717855,2.797581390825139,169.8003491895271,Clear,0.0,12.0,610.4446198287781,11.999944364264257,12.0,200.0,169.74433355124785,0.0020362240728176626,-157.80155747224566,22.797581390825137,0.05601563827929852
6131.0,0.025766700915443395,2.77706839098692,169.82079532692097,Clear,0.0,12.0,611.8730515666463,11.999941286015147,12.0,200.0,169.76463466669287,0.002040988808219606,-157.82207047208385,22.77706839098692,0.056160660228126824
6132.0,0.026057375000448062,2.755510123978681,169.84228721088897,Clear,0.0,12.0,613.3781123340096,11.999938229883986,12.0,200.0,169.78597363568826,0.0020460091505504437,-157.8436287390921,22.75551012397868,0.056313575200689074
6133.0,0.026364082735365713,2.7329223666936464,169.8648090846348,Clear,0.0,12.0,614.9592379531668,11.999935196794954,12.0,200.0,169.80833474066281,0.002051283217915932,-157.86621649637715,22.732922366693646,0.056474343971988944
6134.0,0.02668690129268151,2.70932145547095,169.88834463104956,Clear,0.0,12.0,616.6158416544332,11.999932187632293,12.0,200.0,169.83170170519404,0.00205680905306308,-157.88981740759982,22.70932145547095,0.05664292585554298
6135.0,0.027025907288651597,2.684724248785354,169.9128770100083,Clear,0.0,12.0,618.347315131943,11.999929203239661,12.0,200.0,169.85605773121588,0.0020625846269019315,-157.91441461428545,22.684724248785354,0.056819278792423135
6136.0,0.027381176202994757,2.6591480923515776,169.93838889324266,Clear,0.0,12.0,620.1530294186874,11.999926244419092,12.0,200.0,169.88138553382004,0.0020686078414243747,-157.93999077071922,22.65914809235158,0.05700335942261412
6137.0,0.027752781854804977,2.6326107796494256,169.96486250381372,Clear,0.0,12.0,622.0323360833961,11.999923311930894,12.0,200.0,169.9076673806252,0.0020748765336965087,-157.96652808342137,22.632610779649426,0.057195123188516016
6138.0,0.02814079583671394,2.6051305153600772,169.99227965266468,Clear,0.0,12.0,623.9845682263888,11.999920406493153,12.0,200.0,169.93488512824726,0.0020813884791804496,-157.9940083477107,22.605130515360074,0.057394524417428074
6139.0,0.02854528696858065,2.5767258775942574,170.02062177639124,Clear,0.0,12.0,626.0090415727085,11.999917528781666,12.0,200.0,169.96302025997667,0.002088141395380629,-158.02241298547654,22.57672587759426,0.0576015164145712
6140.0,0.02896632072638187,2.5474157823804284,170.0498699727427,Clear,0.0,12.0,628.1050554207288,11.999914679429457,12.0,200.0,169.99205392120203,0.002095132945008006,-158.05172308069035,22.54741578238043,0.057816051540669974
6141.0,0.029403958724132876,2.5172194452522194,170.0800050390441,Clear,0.0,12.0,630.2718938227101,11.999911859027216,12.0,200.0,170.02196695773074,0.002102360739917981,-158.08191941781857,22.51721944525222,0.058038081313349095
6142.0,0.029858258173939212,2.4861563455295306,170.11100750791593,Clear,0.0,12.0,632.5088266020693,11.999909068123346,12.0,200.0,170.0527399514238,0.002109822344503641,-158.11298251754127,22.48615634552953,0.05826755649207822
6143.0,0.03032927137124492,2.4542461902676407,170.14285768333377,Clear,0.0,12.0,634.8151104296061,11.999906307224364,12.0,200.0,170.0843532561649,0.0021175152792856653,-158.14489267280317,22.45424619026764,0.05850442716888804
6144.0,0.030817049475227978,2.4215088802261993,170.17553567466007,Clear,0.0,12.0,637.1899897927742,11.999903576794942,12.0,200.0,170.11678703181104,0.0021254370241454647,-158.1776299828446,22.4215088802262,0.05874864284899935
6145.0,0.03132162514823886,2.3879644744584234,170.20902143207363,Clear,0.0,12.0,639.632698110451,11.999900877258774,12.0,200.0,170.15002127952815,0.0021335850220436533,-158.21117438861236,22.387964474458425,0.05900015254546136
6146.0,0.0318430369773472,2.3536331572838876,170.24329477960717,Clear,0.0,12.0,642.1424587231907,11.999898208999047,12.0,200.0,170.18403587474495,0.002141956682323178,-158.2455057057869,22.353633157283888,0.05925890486218369
6147.0,0.03238131270814627,2.318535205654279,170.2783354477993,Clear,0.0,12.0,644.7184859075526,11.999895572359277,12.0,200.0,170.21881059971952,0.002150549384092753,-158.28060365741652,22.31853520565428,0.05952484807980444
6148.0,0.032936472826707607,2.2826909583123682,170.314123104542,Clear,0.0,12.0,647.3599858138685,11.999892967643586,12.0,200.0,170.25432517430903,0.0021593604793549164,-158.31644790475843,22.28269095831237,0.05979793023295443
6149.0,0.03350853017766369,2.2461207843229634,170.35063738658565,Clear,0.0,12.0,650.0661575112568,11.99989039511838,12.0,200.0,170.2905592873853,0.002168387296491818,-158.35301807874782,22.24612078432296,0.06007809920036637
6150.0,0.03409748957717508,2.208845054806236,170.38785792780843,Clear,0.0,12.0,652.8361938556137,11.999887855012473,12.0,200.0,170.32749262503233,0.0021776271431605317,-158.39029380826454,22.208845054806233,0.06036530277608844
6151.0,0.034703347477744007,2.1708841143174356,170.42576438786992,Clear,0.0,12.0,655.6692824489761,11.999885347518616,12.0,200.0,170.36510489911882,0.002187077309493143,-158.42825474875335,22.170884114317438,0.060659488751072826
6152.0,0.03532609165195458,2.132258254126488,170.46433647894168,Clear,0.0,12.0,658.5646065215383,11.999882872793979,12.0,200.0,170.4033758739542,0.0021967350710388393,-158.46688060894428,22.13225825412649,0.060960604987494664
6153.0,0.03596570090839717,2.0929876866378057,170.5035539913286,Clear,0.0,12.0,661.5213457973132,11.999880430962039,12.0,200.0,170.44228539183737,0.0022065976916514464,-158.50615117643298,22.092987686637805,0.061268599491243775
6154.0,0.036622144841467565,2.053092520932484,170.54339681793311,Clear,0.0,12.0,664.5386773406893,11.999878022112876,12.0,200.0,170.4818133974495,0.0022166624263132376,-158.5460463421383,22.05309252093248,0.061583420483589765
6155.0,0.03729538361021838,2.0125927397901204,170.58384497726883,Clear,0.0,12.0,667.6157763620506,11.999875646304819,12.0,200.0,170.52193996079993,0.0022269265238221924,-158.58654612328067,22.012592739790122,0.061905016468891794
6156.0,0.037985367751394335,1.9715081779121526,170.62487863526044,Clear,0.0,12.0,670.7518170000711,11.999873303565508,12.0,200.0,170.56264529895984,0.0022373872294014522,-158.62763068515864,21.971508177912153,0.062233336300607664
6157.0,0.03869204368279778,1.9298585016795713,170.6664781255141,Clear,0.0,12.0,673.945973056148,11.999870993893184,12.0,200.0,170.6039097962709,0.0022480417871491216,-158.6692803613912,21.929858501679572,0.06256832924318201
6158.0,0.039415331455964375,1.887663189360271,170.70862396913012,Clear,0.0,12.0,677.1974187625475,11.999868717257632,12.0,200.0,170.64571402409246,0.0022588874426005324,-158.7114756737105,21.88766318936027,0.06290994503762837
6159.0,0.040155157151426125,1.8449415137598786,170.75129689208524,Clear,0.0,12.0,680.5053294319914,11.999866473601683,12.0,200.0,170.68803875812966,0.002269921444895026,-158.7541973493109,21.844941513759878,0.06325813395554503
6160.0,0.04091143161205354,1.801712525437913,170.7944778420418,Clear,0.0,12.0,683.8688821294645,11.999864262842395,12.0,200.0,170.7308649951854,0.002281141049016865,-158.79742633763288,21.801712525437914,0.06361284685637754
6161.0,0.041684075800443476,1.7579950373290703,170.83814800375254,Clear,0.0,12.0,687.2872563012438,11.999862084872257,12.0,200.0,170.77417396851135,0.002292543517893448,-158.8411438257417,21.75799503732907,0.06397403524120117
6162.0,0.042472939697595025,1.7138076109829934,170.88228881285033,Clear,0.0,12.0,690.7596343424564,11.999859939560535,12.0,200.0,170.8179471615511,0.002304126124288478,-158.88533125208778,21.71380761098299,0.06434165129926654
6163.0,0.043277924806235046,1.669168542081213,170.92688197034872,Clear,0.0,12.0,694.2852022841919,11.99985782675409,12.0,200.0,170.86216632237839,0.0023158861530939243,-158.92997032098958,21.669168542081213,0.06471564797033254
6164.0,0.044098901890397,1.6240958513502013,170.97190945177084,Clear,0.0,12.0,697.8631501192156,11.999855746279303,12.0,200.0,170.90681347280434,0.002327820902416483,-158.9750430117206,21.6240958513502,0.06509597896650449
6165.0,0.04493573189902361,1.5786072711541848,171.0173535205669,Clear,0.0,12.0,701.4926725251611,11.999853697942555,12.0,200.0,170.9518709217269,0.0023399276859898894,-159.0205315919166,21.578607271154183,0.06548259884001316
6166.0,0.04578826606695152,1.5327202375350557,171.06319673610903,Clear,0.0,12.0,705.1729692170239,11.999851681531823,12.0,200.0,170.99732127309903,0.002352203834350709,-159.06641862553573,21.532720237535056,0.06587546301002221
6167.0,0.046656346068573495,1.4864518818701318,171.1094219620583,Clear,0.0,12.0,708.9032453825613,11.999849696817817,12.0,200.0,171.0431474342583,0.0023646466962906764,-159.11268698120065,21.48645188187013,0.06627452780003115
6168.0,0.047539804240167904,1.4398190212965747,171.15601237595655,Clear,0.0,12.0,712.6827122715492,11.999847743554747,12.0,200.0,171.08933262546412,0.0023772536408222427,-159.15931984177422,21.43981902129657,0.06667975049244054
6169.0,0.048438463717169034,1.3928381559384893,171.20295147203794,Clear,0.0,12.0,716.5105872883598,11.999845821482074,12.0,200.0,171.1358603827074,0.0023900220574873832,-159.2063007071323,21.392838155938488,0.06709108933057376
6170.0,0.04935213873543004,1.3455254595990507,171.2502230705458,Clear,0.0,12.0,720.3860946598093,11.999843930324946,12.0,200.0,171.18271456696294,0.0024029493585852957,-159.25361340347172,21.345525459599052,0.06750850358283088
6171.0,0.05028063484200096,1.2978967772793268,171.29781132024465,Clear,0.0,12.0,724.3084655980458,11.999842069795607,12.0,200.0,171.2298793666909,0.00241603297971574,-159.30124208579147,21.297896777279327,0.0679319535537562
6172.0,0.05122374917686634,1.2499676208505748,171.3457007027682,Clear,0.0,12.0,728.2769386555693,11.99984023959433,12.0,200.0,171.2773393021519,0.002429270380963251,-159.34917124222022,21.249967620850576,0.06836140061630537
6173.0,0.052181270762842735,1.2017531660771155,171.39387603561767,Clear,0.0,12.0,732.2907600117907,11.999838439410405,12.0,200.0,171.32507922838022,0.0024426590478530004,-159.39738569699367,21.20175316607712,0.06879680723742268
6174.0,0.053152980798044924,1.1532682511090797,171.44232247369172,Clear,0.0,12.0,736.3491836766285,11.999836668923166,12.0,200.0,171.37308433669634,0.0024561964920299245,-159.4458706119617,21.153268251109083,0.06923813699537733
6175.0,0.05413865303394794,1.1045273721900826,171.49102551359076,Clear,0.0,12.0,740.4514719644754,11.99983492780255,12.0,200.0,171.42134015896335,0.0024698802528397013,-159.49461149088071,21.10452737219008,0.06968535462740688
6176.0,0.055138054011355575,1.0555446877838324,171.53997098952348,Clear,0.0,12.0,744.5968952984265,11.999833215710623,12.0,200.0,171.46983256351928,0.002483707896675728,-159.54359417528696,21.055544687783833,0.07013842600423671
6177.0,0.05615094350760014,1.0063340134350582,171.5891450784505,Clear,0.0,12.0,748.7847328226908,11.999831532301787,12.0,200.0,171.5185477602559,0.0024976770190219084,-159.59280484963574,21.00633401343506,0.07059731819460838
6178.0,0.05717708807459582,0.9569088250641737,171.63853429681512,Clear,0.0,12.0,753.0142723374928,11.999829877223954,12.0,200.0,171.5674722973592,0.0025117852442355063,-159.64223003800663,20.956908825064176,0.07106199945595101
6179.0,0.05821620699921043,0.9072822592564909,171.68812550026922,Clear,0.0,12.0,757.2848105131401,11.999828250119235,12.0,200.0,171.61659306101348,0.002526030226261196,-159.6918566038143,20.90728225925649,0.07153243925573192
6180.0,0.05926805663991502,0.8574671156142806,171.73790588133886,Clear,0.0,12.0,761.5956529534537,11.99982665062476,12.0,200.0,171.66589727306078,0.002540409648842646,-159.7416717474565,20.857467115614277,0.07200860827811016
6181.0,0.06033237319904855,0.8074758554515521,171.78786297073805,Clear,0.0,12.0,765.9461145996422,11.999825078373062,12.0,200.0,171.71537249227129,0.0025549212268696974,-159.79166300761923,20.80747585545155,0.07249047846678346
6182.0,0.0614088878577323,0.7573206100472327,171.83798462914268,Clear,0.0,12.0,770.3355193279044,11.99982353299333,12.0,200.0,171.76500660616068,0.0025695627050361103,-159.84181825302355,20.757320610047234,0.07297802298200522
6183.0,0.06249732730345092,0.7070131767768796,171.88825905105824,Clear,0.0,12.0,774.7632006181939,11.999822014111386,12.0,200.0,171.8147878347841,0.002584331860070322,-159.89212568629392,20.70701317677688,0.07347121627412445
6184.0,0.06359741396784702,0.6565650292285625,171.93867475473152,Clear,0.0,12.0,779.228501021152,11.99982052135094,12.0,200.0,171.86470472070513,0.0025992264989573286,-159.94257383384223,20.656565029228563,0.07397003402638933
6185.0,0.06470886654368185,0.6059873146826751,171.98922058467105,Clear,0.0,12.0,783.7307727469173,11.999819054333619,12.0,200.0,171.91474613144945,0.00261424446090274,-159.9931515483881,20.605987314682675,0.07447445322159212
6186.0,0.06583140029330126,0.5552908615009731,172.03988570427654,Clear,0.0,12.0,788.2693773978284,11.9998176126798,12.0,200.0,171.96490125216116,0.0026293836164411727,-160.0438480015698,20.55529086150097,0.07498445211535922
6187.0,0.06696472744868931,0.5044861824360967,172.0906595925391,Clear,0.0,12.0,792.8436860708616,11.999816196009073,12.0,200.0,172.01515958228947,0.002644641867777947,-160.09465268063468,20.504486182436096,0.07550001024966488
6188.0,0.06810855756741796,0.45358348002709464,172.141532038658,Clear,0.0,12.0,797.4530792840199,11.999814803940788,12.0,200.0,172.06551093020994,0.002660017148543543,-160.14555538304367,20.453583480027095,0.07602110844802075
6188.547,0.06873857145837797,0.42570179335054814,172.1693973983284,Clear,0.0,12.0,799.9890424341762,11.999814052752017,12.0,200.0,172.09308891160066,0.0026684762110799204,-160.17343706972025,20.425701793350548,0.07630848672777935
61791.532,0.06874023644922683,0.425628251439932,172.1692951457969,Clear,0.0,12.0,799.9797221702788,12.000194035190725,12.0,200.0,172.0929877161456,0.002668445122025981,-160.17351061163086,20.42562825143993,0.07630742965130656
61792.0,0.06817750399984224,0.45052690539108176,172.14440945931725,Clear,0.0,12.0,797.7145800601929,12.000193438595067,12.0,200.0,172.0683587398294,0.002660889421241521,-160.1486119576797,20.450526905391083,0.07605071948784038
61793.0,0.06698226874764818,0.503702766232708,172.09126168235116,Clear,0.0,12.0,792.8980858791349,12.000192146531507,12.0,200.0,172.01575553144025,0.002644823326006203,-160.09543609683806,20.50370276623271,0.07550615091089925
61794.0,0.06579708046423155,0.556835223298965,172.0381578282786,Clear,0.0,12.0,788.1141680622345,12.000190830576129,12.0,200.0,171.96319084206715,0.002628865893825236,-160.04230363977183,20.556835223298965,0.07496698621148506
61795.0,0.06462225254045773,0.6099149453403993,171.98510723738872,Clear,0.0,12.0,783.3634286822085,12.000189490312561,12.0,200.0,171.91067399582317,0.0026130191329970295,-159.98922391773038,20.6099149453404,0.07443324156556548
61796.0,0.06345809655476797,0.6629322782624163,171.93211957286752,Clear,0.0,12.0,778.6464802443523,12.000188125322033,12.0,200.0,171.85821463834253,0.002597285086619332,-159.9362065848084,20.662932278262417,0.07390493452503508
61797.0,0.06230492186069814,0.71587723857868,171.8792048273362,Clear,0.0,12.0,773.9639457422974,12.000186735183759,12.0,200.0,171.8058227433187,0.0025816658327752107,-159.8832616244921,20.715877238578678,0.07338208401748113
61798.0,0.06116303519308197,0.7687395057456463,171.8263733305057,Clear,0.0,12.0,769.3164588134579,12.000185319475424,12.0,200.0,171.75350862014668,0.0025661634850515746,-159.83039935732512,20.76873950574565,0.07286471035904661
61799.0,0.06003274013080212,0.8215084209780859,171.7736357503588,Clear,0.0,12.0,764.7046633296742,12.000183877773317,12.0,200.0,171.70128291515562,0.0025507801911737026,-159.77763044209271,20.821508420978088,0.07235283520323008
61800.0,0.058914336853281735,0.8741729723326376,171.72100310804427,Clear,0.0,12.0,760.1292141967251,12.000182409653338,12.0,200.0,171.64915662641727,0.0025355181356721294,-159.72496589073816,20.874172972332637,0.07184648162699517
61801.0,0.05780812151161324,0.9267217976927182,171.66848677489259,Clear,0.0,12.0,755.5907765927619,12.000180914690967,12.0,200.0,171.59714110085147,0.002520379537342337,-159.67241706537808,20.926721797692718,0.0713456740411252
61802.0,0.05671438589385569,0.9791431741351502,171.616098483031,Clear,0.0,12.0,751.0900264067568,12.000179392462126,12.0,200.0,171.54524804479476,0.0025053666507072595,-159.61999568893563,20.97914317413515,0.07085043823626405
61803.0,0.05563340117064386,1.0314250138697374,171.56385032943288,Clear,0.0,12.0,746.6276501125756,12.000177842543662,12.0,200.0,171.49348952806668,0.002490481765597237,-159.56771384920106,21.031425013869736,0.07036080136618661
61804.0,0.0545654785175248,1.0835548592484052,171.5117547808957,Clear,0.0,12.0,742.2043447373958,12.00017626451396,12.0,200.0,171.44187798895356,0.0024757272070446675,-159.51558400382237,21.0835548592484,0.06987679194216055
61805.0,0.053510879900921626,1.1355198781111837,171.45982467867995,Clear,0.0,12.0,737.8208178155455,12.000174657953625,12.0,200.0,171.39042623885345,0.00246110533513003,-159.4636189849596,21.135519878111182,0.06939843982650076
61806.0,0.05246987509009199,1.1873068583976845,171.40807324388166,Clear,0.0,12.0,733.4777874198489,12.000173022446221,12.0,200.0,171.3391474676473,0.002446618545086444,-159.4118320046731,21.187306858397683,0.068925776234359
61807.0,0.0514427271743399,1.2389022089061332,171.3565140766641,Clear,0.0,12.0,729.1759816969144,12.000171357578699,12.0,200.0,171.28805524298048,0.0024322692657495555,-159.36023665416465,21.238902208906133,0.06845883368361455
61808.0,0.05042969229040639,1.2902919479355968,171.30516116758625,Clear,0.0,12.0,724.9161394369236,12.000169662942746,12.0,200.0,171.2371635215299,0.0024180599614581485,-159.30884691513518,21.290291947935597,0.06799764605634981
61809.0,0.04943101903758623,1.3414617084409852,171.2540288924427,Clear,0.0,12.0,720.6990092872638,12.000167938135009,12.0,200.0,171.1864866439284,0.0024039931294311074,-159.2576771546298,21.34146170844099,0.06754224851427443
61810.0,0.04844694815281875,1.392396731215276,171.20313201905543,Clear,0.0,12.0,716.5253499916355,12.000166182758308,12.0,200.0,171.1360393415291,0.0023900713005649914,-159.20674213185552,21.39239673121528,0.0670926775262973
61811.0,0.0474777120834452,1.44308186438795,171.15248570775762,Clear,0.0,12.0,712.395930131328,12.000164396422436,12.0,200.0,171.085836736915,0.0023762970385710234,-159.15605699868283,21.443081864387953,0.06664897084258414
61812.0,0.04652353459643871,1.493501562438143,171.10210551236003,Clear,0.0,12.0,708.3115279393486,12.00016257874511,12.0,200.0,171.03589434488316,0.0023626729393550943,-159.10563730063265,21.493501562438144,0.06621116747686945
61813.0,0.04558463042178035,1.5436398849208488,171.05200738140132,Clear,0.0,12.0,704.2729311706105,12.000160729353047,12.0,200.0,170.98622807370532,0.002349201630584751,-159.05549897814996,21.543639884920847,0.0657793076960119
61814.0,0.04466120483737235,1.5934805000180796,171.00220765458,Clear,0.0,12.0,700.2809366202745,12.000158847882746,12.0,200.0,170.9368542216075,0.002335885770082563,-159.0056583630527,21.59348050001808,0.0653534329724633
61815.0,0.043753453371875084,1.6430066837129278,170.95272306355338,Clear,0.0,12.0,696.3363500363464,12.00015693398172,12.0,200.0,170.88778947757393,0.0023227280455345757,-158.95613217935787,21.64300668371293,0.06493358597942542
61816.0,0.04286156153873566,1.6922013191617655,170.90357073253517,Clear,0.0,12.0,692.439986052205,12.000154987309898,12.0,200.0,170.83905092194664,0.002309731174265248,-158.906937543909,21.692201319161768,0.06451981058855354
61817.0,0.041985704436326376,1.741046905636043,170.85476816934022,Clear,0.0,12.0,688.5926674053344,12.000153007540238,12.0,200.0,170.79065601754684,0.002296897900631424,-158.85809195743474,21.741046905636043,0.0641121517933802
61818.0,0.041126025982094354,1.7895255578279103,170.80633326604288,Clear,0.0,12.0,684.7952249704454,12.00015099436038,12.0,200.0,170.74262261032362,0.002284230996132816,-158.8096133052429,21.78952555782791,0.06371065571925569
61819.0,0.040282720092131664,1.83761901553529,170.7582842892749,Clear,0.0,12.0,681.0484970248978,12.00014894747344,12.0,200.0,170.69496891972236,0.0022717332569617134,-158.7615198475355,21.837619015535292,0.0633153695525296
61820.0,0.03945590931512699,1.885308643679426,170.71063988016607,Clear,0.0,12.0,677.3533293246761,12.000146866599925,12.0,200.0,170.6477135386089,0.002259407504256415,-158.71383021939135,21.885308643679426,0.06292634155714337
61821.0,0.03864571925839571,1.9325754466517764,170.6634190399852,Clear,0.0,12.0,673.7105741208464,12.0001447514783,12.0,200.0,170.60087541900614,0.002247256580820477,-158.66656341641902,21.93257544665178,0.06254362097907967
61822.0,0.03785228158229008,1.979400070147741,170.61664112826026,Clear,0.0,12.0,670.1210902071555,12.000142601867104,12.0,200.0,170.55447387019933,0.0022352833512814902,-158.61973879292304,21.97940007014774,0.06216725806093547
61823.0,0.037075698411969206,2.0257628167970916,170.57032584713272,Clear,0.0,12.0,666.585741964816,12.00014041754565,12.0,200.0,170.50852854318066,0.002223490698904827,-158.5733760462737,22.02576281679709,0.06179730395207675
61824.0,0.03631606649699463,2.071643653304272,170.52449323417648,Clear,0.0,12.0,663.1053991266847,12.00013819831592,12.0,200.0,170.46305942348232,0.0022118815248070205,-158.52749520976653,22.071643653304275,0.06143381069415539
61825.0,0.03557347090871819,2.1170222266791825,170.47916364614633,Clear,0.0,12.0,659.6809359153095,12.000135944003494,12.0,200.0,170.41808681500382,0.0022004587450806037,-158.4821166363916,22.117022226679182,0.06107683114251632
61826.0,0.03484798512008011,2.1618778731109227,170.43435775005747,Clear,0.0,12.0,656.3132308084531,12.00013365445972,12.0,200.0,170.3736313311035,0.002189225290011976,-158.43726098995987,22.161877873110924,0.060726418953957646
61827.0,0.03413967095915488,2.206189638304439,170.3900965028328,Clear,0.0,12.0,653.0031655118353,12.000131329562452,12.0,200.0,170.3297138743401,0.0021781841006548444,-158.39294922476634,22.206189638304437,0.06038262849269874
61828.0,0.03344857873026764,2.2499362914973866,170.34640113724487,Clear,0.0,12.0,649.7516244839848,12.000128969217945,12.0,200.0,170.28635562245074,0.0021673381272452985,-158.3492025715734,22.249936291497384,0.06004551479412398
61829.0,0.03277474731682263,2.293096344537907,170.30329314280803,Clear,0.0,12.0,646.559494157163,12.000126573362236,12.0,200.0,170.24357800930997,0.00215669032660309,-158.30604251853288,22.293096344537908,0.05971513349804496
61830.0,0.03211820433586173,2.3356480718082278,170.26079424582286,Clear,0.0,12.0,643.427662174539,12.000124141962624,12.0,200.0,170.20140270503813,0.0021462436595871236,-158.26349079126257,22.335648071808226,0.05939154078471193
61831.0,0.03147896634016799,2.3775695312376564,170.2189263883284,Clear,0.0,12.0,640.3570166259299,12.000121675019267,12.0,200.0,170.15985159501798,0.002136001088546163,-158.22156933183314,22.377569531237658,0.05907479331042871
61832.0,0.030857039029781794,2.418838588916701,170.17771170346393,Clear,0.0,12.0,637.3484451003593,12.000119172566306,12.0,200.0,170.1189467553371,0.0021259655741585042,-158.1803002741541,22.4188385889167,0.058764948126816756
61833.0,0.030252413579059646,2.4594329422054706,170.13717249232172,Clear,0.0,12.0,634.4028339301152,12.000116634673628,12.0,200.0,170.07871042970345,0.002116140072910424,-158.1397059208653,22.45943294220547,0.058462062618277896
61834.0,0.029665083148357627,2.4993301465939717,170.0973311970586,Clear,0.0,12.0,631.5210672419581,12.000114061448192,12.0,200.0,170.03916500263657,0.002106527533931351,-158.09980871647682,22.499330146593973,0.05816619442204054
61835.0,0.029095018419919544,2.5385076432909393,170.0582103732745,Clear,0.0,12.0,628.704026037351,12.000111453035522,12.0,200.0,170.00033297192348,0.002097130895925844,-158.06063121977985,22.538507643290938,0.05787740135100437
61836.0,0.028542184875093548,2.5769427901087534,170.0198326591088,Clear,0.0,12.0,625.9525871173216,12.000108809620567,12.0,200.0,169.96223691780682,0.0020879530835873185,-158.02219607296203,22.576942790108752,0.057595741301991125
61837.0,0.028006538928106804,2.6146128901778,169.98222074648024,Clear,0.0,12.0,623.2676222418445,12.000106131429813,12.0,200.0,169.92489947429263,0.002078997004794045,-157.98452597289298,22.614612890177803,0.057321272187583615
61838.0,0.027488028353583223,2.6514952266567544,169.9453973463656,Clear,0.0,12.0,620.649996939909,12.000103418731795,12.0,200.0,169.8883432945317,0.0020702655466399655,-157.94764363641403,22.651495226656753,0.057054051833918394
61839.0,0.026986592782507254,2.6875670964634475,169.90938515504376,Clear,0.0,12.0,618.1005694677493,12.000100671838258,12.0,200.0,169.85259101715053,0.002061761571959723,-157.91157176660735,22.687567096463447,0.05679413789321526
61840.0,0.026502164238949508,2.7228058446472647,169.8742068196844,Clear,0.0,12.0,615.6201897940973,12.000097891105938,12.0,200.0,169.81766523192408,0.002053487915943827,-157.8763330184235,22.72280584464726,0.05654158776029691
61841.0,0.02603466766651757,2.7571889028900376,169.83988489984696,Clear,0.0,12.0,613.2096983678995,12.00009507693659,12.0,200.0,169.78358844138003,0.0020454473820282013,-157.84194996018076,22.757188902890036,0.05629645846692643
61842.0,0.02558402151837999,2.790693826575777,169.80644183037046,Clear,0.0,12.0,610.869925053533,12.000092229778842,12.0,200.0,169.75038302377646,0.002037642738342447,-157.80844503649502,22.79069382657578,0.05605880659400486
61843.0,0.025150138341930986,2.823298335142934,169.7738998810202,Clear,0.0,12.0,608.601687902556,12.000089350128246,12.0,200.0,169.71807119285327,0.0020300767136128424,-157.77584052792784,22.823298335142933,0.05582868816695129
61844.0,0.024732925401415508,2.854980352264377,169.74228111629375,Clear,0.0,12.0,606.4057919974905,12.000086438527939,12.0,200.0,169.68667495773457,0.002022751993305617,-157.74415851080641,22.854980352264377,0.0556061585591942
61845.0,0.02433228531063317,2.8857180475765682,169.711607353664,Clear,0.0,12.0,604.2830282417965,12.000083495569912,12.0,200.0,169.65621608127375,0.0020156712155907424,-157.71342081549423,22.885718047576567,0.05539127239024026
61846.0,0.023948116682215026,2.915489879139489,169.68190012112933,Clear,0.0,12.0,602.2341721517348,12.000080521894558,12.0,200.0,169.62671603770497,0.0020088369673120156,-157.6836489839313,22.91548987913949,0.05518408342439228
61847.0,0.023580314786784948,2.944274636767385,169.65318061386685,Clear,0.0,12.0,600.2599826301371,12.000077518191418,12.0,200.0,169.59819596939994,0.0020022517798968017,-157.6548642263034,22.944274636767386,0.05498464446689967
61848.0,0.02322877221808214,2.9720514861563636,169.62546965010202,Clear,0.0,12.0,598.3612007237231,12.000074485199299,12.0,200.0,169.5706766428421,0.0019959181252108852,-157.62708737691443,22.97205148615636,0.05479300725989558
61849.0,0.02289337957386786,2.998800012622662,169.5987876273803,Clear,0.0,12.0,596.5385484384412,12.000071423705837,12.0,200.0,169.5441784049974,0.0019898384116068765,-157.6003388504481,22.998800012622663,0.054609222382860714
61850.0,0.022574023416982305,3.024500266261873,169.57315447740413,Clear,0.0,12.0,594.7927274793868,12.000068334547668,12.0,200.0,169.51872113825786,0.001984014979721027,-157.5746385968089,23.024500266261875,0.054433339146264005
61851.0,0.022270597920634638,3.049132806566875,169.54858962142657,Clear,0.0,12.0,593.1244180443482,12.000065218609905,12.0,200.0,169.4943242159365,0.0019784500984489353,-157.55000605650392,23.049132806566877,0.05426540549008514
61852.0,0.021982988853577797,3.072678747552999,169.52511192513526,Clear,0.0,12.0,591.5342775898321,12.000062076825722,12.0,200.0,169.4710064572558,0.0019731459608294485,-157.52646011551778,23.072678747553,0.05410546787947029
61853.0,0.021711085533499874,3.095119801007382,169.502739655428,Clear,0.0,12.0,590.0229397238791,12.000058910175206,12.0,200.0,169.4487860842152,0.0019681046803514952,-157.5040190620634,23.095119801007378,0.05395357121281309
61854.0,0.02145477860205817,3.116438321562946,169.4814904353501,Clear,0.0,12.0,588.5910129639453,12.000055719684845,12.0,200.0,169.42768067663425,0.001963328286810822,-157.48270054150785,23.116438321562946,0.05380975871585493
61855.0,0.021213960665210647,3.136617349700167,169.46138120112036,Clear,0.0,12.0,587.2390796172634,12.000052506426258,12.0,200.0,169.4077071292724,0.00195881872257528,-157.46252151337063,23.136617349700167,0.05367407184793587
61856.0,0.020988526905089958,3.1556406548454197,169.44242815905716,Clear,0.0,12.0,585.9676946262786,12.000049271515065,12.0,200.0,169.38888160885344,0.0019545778387336167,-157.44349820822538,23.15564065484542,0.053546550203725264
61857.0,0.020778375700735197,3.1734927749792172,169.42464674601197,Clear,0.0,12.0,584.777384611993,12.000046016108987,12.0,200.0,169.37121951457698,0.0019506073919044124,-157.42564608809158,23.173492774979216,0.05342723143499804
61858.0,0.02058340918480514,3.1901590584488253,169.40805158758354,Clear,0.0,12.0,583.6686467215642,12.000042741406594,12.0,200.0,169.35473543643218,0.0019469090403920843,-157.40897980462196,23.190159058448824,0.053316151151380296
61859.0,0.02040353380150995,3.2056257020805856,169.39265646004915,Clear,0.0,12.0,582.6419476694973,12.00003944864532,12.0,200.0,169.33944311720919,0.0019434843409886493,-157.3935131609902,23.20562570208058,0.05321334283997343
61860.0,0.020238660820855462,3.219879788966445,169.37847425261864,Clear,0.0,12.0,581.6977227355487,12.000036139099592,12.0,200.0,169.32535541483827,0.0019403347456310883,-157.37925907410434,23.219879788966445,0.05311883778039323
61861.0,0.02008870686035706,3.2329093211157787,169.3655169348392,Clear,0.0,12.0,580.8363750321395,12.000032814078235,12.0,200.0,169.31248426985383,0.0019374615989577013,-157.366229541955,23.232909321115777,0.05303266498538798
61862.0,0.019953594319768633,3.244703254742899,169.35379552135032,Clear,0.0,12.0,580.0582745129472,12.000029474922513,12.0,200.0,169.30084067023563,0.0019348661350011252,-157.3544356083279,23.244703254742902,0.052954851114692295
61863.0,0.019833251805555178,3.2552515312415853,169.34332004096322,Clear,0.0,12.0,579.363757179545,12.00002612300365,12.0,200.0,169.2904346205552,0.001932549474541968,-157.3438873318292,23.255251531241584,0.05288542040803358
61864.0,0.019727614566706415,3.2645451015319225,169.33409951238374,Clear,0.0,12.0,578.7531246302856,12.000022759719625,12.0,200.0,169.28127511773283,0.0019305126236040453,-157.33459376153886,23.264545101531922,0.05282439465091749
61865.0,0.019636624756897314,3.272575959728356,169.32614191058116,Clear,0.0,12.0,578.2266428842717,12.000019386493477,12.0,200.0,169.2733701175135,0.0019287564695315707,-157.32656290334242,23.272575959728353,0.05277179306762668
61866.0,0.019560231877266777,3.279337154700964,169.319454155322,Clear,0.0,12.0,577.784542561552,12.000016004768923,12.0,200.0,169.26672652297455,0.0019272817815902228,-157.31980170836982,23.27933715470096,0.052727632347453
61867.0,0.019498392917453762,3.2848228217503666,169.3140420795285,Clear,0.0,12.0,577.4270176099313,12.000012616008837,12.0,200.0,169.26135015300244,0.0019260892067202414,-157.31431604132044,23.284822821750367,0.052691926526075926
61868.0,0.01945107268581127,3.2890281908807313,169.30991042109642,Clear,0.0,12.0,577.1542254608354,12.000009221691055,12.0,200.0,169.25724573408954,0.0019251792700563381,-157.31011067219006,23.28902819088073,0.05266468700690351
61869.0,0.01941824394782646,3.2919496051284867,169.30706280462346,Clear,0.0,12.0,576.966286390107,12.00000582330576,12.0,200.0,169.25441688212007,0.0019245523727955392,-157.3071892579423,23.291949605128487,0.05264592250337017
61870.0,0.019399887583606883,3.293584530152012,169.30550173189303,Clear,0.0,12.0,576.8632833263489,12.000002422352084,12.0,200.0,169.25286609287002,0.001924208791557888,-157.30555433291877,23.293584530152014,0.05263563902301275
61871.0,0.019396470162619014,3.293889016741875,169.30522857312093,Clear,0.0,12.0,576.8452615753326,11.999999020334966,12.0,200.0,169.2525947332773,0.0019241486774671716,-157.3052498463289,23.293889016741876,0.0526338398435896
61872.0,0.0194086928337232,3.292800157606328,169.30624356703578,Clear,0.0,12.0,576.9122289912864,11.999995618761437,12.0,200.0,169.2536030415045,0.0019243720567222755,-157.30633870546447,23.292800157606326,0.05264052553126162
61873.0,0.019435382129244817,3.2904240858489855,169.30854581465954,Clear,0.0,12.0,577.0641555953156,11.999992219137816,12.0,200.0,169.25589012075665,0.0019248788293243708,-157.3087147772218,23.290424085848986,0.0526556939028923
61874.0,0.019476553654294217,3.286762860849782,169.31213328922354,Clear,0.0,12.0,577.3009741212458,11.999988822965731,12.0,200.0,169.25945394914402,0.0019256687708976514,-157.312376002221,23.28676286084978,0.052679340079539644
61875.0,0.019532231108725054,3.2818196741432337,169.31700283165327,Clear,0.0,12.0,577.6225794723566,11.999985431739734,12.0,200.0,169.26429137522348,0.001926741530877193,-157.31731918892757,23.281819674143232,0.05271145642980268
61876.0,0.019602446279743488,3.275598829490521,169.3231501704056,Clear,0.0,12.0,578.0288296504089,11.999982046943142,12.0,200.0,169.2703981377463,0.001928096635607854,-157.32354003358026,23.27559882949052,0.05275203265926015
61877.0,0.019687238783936776,3.268105738101512,169.33056992619058,Clear,0.0,12.0,578.5195455542768,11.99997867004544,12.0,200.0,169.27776887040528,0.0019297334876725845,-157.33103312496928,23.26810573810151,0.052801055785281645
61878.0,0.019786655927330078,3.2593468964088608,169.3392556341189,Clear,0.0,12.0,579.0945118005413,11.999975302498672,12.0,200.0,169.28639712390589,0.0019316513686296315,-157.33979196666192,23.259346896408857,0.052858510213019363
61879.0,0.019900752394155397,3.2493298722154487,169.34919975749594,Clear,0.0,12.0,579.7534768670963,11.999971945734758,12.0,200.0,169.29627537975364,0.0019338494394915574,-157.34980899085534,23.249329872215448,0.052924377742314524
61880.0,0.020029589968122624,3.2380632813678534,169.3603937110818,Clear,0.0,12.0,580.4961537423401,11.999968601162424,12.0,200.0,169.30739507345737,0.0019363267428907103,-157.36107558170292,23.238063281367857,0.05299863762441613
61881.0,0.020173237173864086,3.225556765114197,169.37282788367426,Clear,0.0,12.0,581.3222204149408,11.999965270164484,12.0,200.0,169.31974661707315,0.0019390822047129046,-157.3735820979566,23.2255567651142,0.05308126660111181
61882.0,0.020331768965395954,3.211820957344395,169.38649167080206,Clear,0.0,12.0,582.2313209267573,11.999961954094786,12.0,200.0,169.33331943180278,0.0019421146376095869,-157.3873179057264,23.211820957344393,0.05317223899930114
61883.0,0.020505266251402404,3.1968674603436216,169.40137349892353,Clear,0.0,12.0,583.2230657606943,11.999958654275996,12.0,200.0,169.3481019721653,0.0019454227422915833,-157.40227140272717,23.196867460343622,0.053271526758247756
61884.0,0.020693815468381647,3.1807088109478903,169.41746085921565,Clear,0.0,12.0,584.297032771541,11.999955371997078,12.0,200.0,169.36408175970632,0.0019490051106340407,-157.41843005212291,23.18070881094789,0.05337909950929633
61885.0,0.02089750807611525,3.1633584483770587,169.43474033969497,Clear,0.0,12.0,585.4527679196456,11.999952108511149,12.0,200.0,169.3812454150587,0.0019528602281237025,-157.43578041469374,23.16335844837706,0.05349492463630212
61886.0,0.0211164401173682,3.1448306719825068,169.45319766741642,Clear,0.0,12.0,586.6897866009587,11.999948865033032,12.0,200.0,169.39957870002243,0.001956986478295457,-157.45430819108827,23.144830671982504,0.053618967393972886
61887.0,0.021350711607821163,3.125140609277576,169.47281774040877,Clear,0.0,12.0,588.0075742227446,11.999945642737698,12.0,200.0,169.41906654945922,0.0019613821446527,-157.4739982537932,23.125140609277576,0.053751190949581445
61888.0,0.021600425966493145,3.10430417660496,169.49358466696987,Clear,0.0,12.0,589.405587209652,11.999942442758531,12.0,200.0,169.43969311050185,0.001966045414023231,-157.49483468646582,23.104304176604963,0.053891556467989855
61889.0,0.021865689529056653,3.082338029624789,169.51548181513388,Clear,0.0,12.0,590.8832546454375,11.9999392661853,12.0,200.0,169.46144179187473,0.0019709743820354466,-157.51680083344598,23.082338029624786,0.05404002325914436
61890.0,0.022146610727673596,3.0592595386186376,169.53849183735812,Clear,0.0,12.0,592.4399782027399,11.999936114063717,12.0,200.0,169.4842952886047,0.0019761670528840986,-157.53987932445216,23.05925953861864,0.05419654875343402
61891.0,0.02244329975328394,3.035086721390774,169.56259673756824,Clear,0.0,12.0,594.0751348991604,11.999932987392992,12.0,200.0,169.50823564880838,0.0019816213485235857,-157.56405214168,23.035086721390773,0.054361088759856804
61892.0,0.02275586764408781,3.009838221549033,169.5877778928801,Clear,0.0,12.0,595.7880767689169,11.999929887125958,12.0,200.0,169.53324429546572,0.0019873351075727092,-157.58930064152173,23.009838221549032,0.054533597414378986
61893.0,0.023084428690304304,2.9835332555642866,169.6140161065128,Clear,0.0,12.0,597.5781326263535,11.999926814167814,12.0,200.0,169.55930207917459,0.001993306091197109,-157.6156056075065,22.983533255564286,0.05471402733821973
61894.0,0.02342908817723082,2.9561915634027303,169.64129165713754,Clear,0.0,12.0,599.4446095897636,11.999923769375261,12.0,200.0,169.5863893273667,0.0019995319881921897,-157.64294729966804,22.95619156340273,0.05490232977086735
61895.0,0.023789958822821936,2.9278333730648702,169.66958433433817,Clear,0.0,12.0,601.3867936599382,11.99992075355648,12.0,200.0,169.61448587972913,0.0020060104169129507,-157.67130549000592,22.92783337306487,0.05509845460904578
61896.0,0.024167148926967405,2.8984793440167405,169.69887349516216,Clear,0.0,12.0,603.4039517535172,11.999917767470324,12.0,200.0,169.6435711445714,0.0020127389320565136,-157.70065951905406,22.898479344016742,0.05530235059075926
61897.0,0.024560764277451824,2.8681505394834677,169.72913809184013,Clear,0.0,12.0,605.4953317767738,11.999914811826923,12.0,200.0,169.6736241265576,0.0020197150249082444,-157.73098832358733,22.86815053948347,0.05551396528257189
61898.0,0.024970907695256093,2.8368683654996625,169.7603567327207,Clear,0.0,12.0,607.6601650107974,11.999911887287007,12.0,200.0,169.70462348742126,0.002026936131297864,-157.76227049757114,22.83686836549966,0.05573324529947718
61899.0,0.02539767821394785,2.8046545395133657,169.79250771368146,Clear,0.0,12.0,609.8976664977006,11.999908994462603,12.0,200.0,169.73654757735795,0.002034399632887698,-157.7944843235574,22.804654539513365,0.05596013632352486
61900.0,0.025841170590255605,2.7715310350899385,169.82556907342217,Clear,0.0,12.0,612.2070371219482,11.999906133916896,12.0,200.0,169.769374490129,0.0020421028641152412,-157.82760782798084,22.77153103508994,0.056194583293160294
61901.0,0.02630147442988615,2.737520057479105,169.85951861792273,Clear,0.0,12.0,614.5874635931339,11.9999033061654,12.0,200.0,169.80308208754136,0.0020500431121357092,-157.8616188055917,22.737520057479106,0.056436530381349964
61902.0,0.02677867379861593,2.702643984924374,169.89433397913186,Clear,0.0,12.0,617.0381208688897,11.999900511675857,12.0,200.0,169.8376480579119,0.002058217624903992,-157.8964948781464,22.70264398492437,0.05668592121994991
61903.0,0.027272846482477867,2.666925338777136,169.92999264487793,Clear,0.0,12.0,619.5581726282307,11.999897750869405,12.0,200.0,169.87304994595024,0.002066623612753563,-157.93221352429364,22.666925338777133,0.05694269892766551
61904.0,0.027784063400867406,2.6303867448272373,169.96647199755571,Clear,0.0,12.0,622.1467724163583,11.999895024121361,12.0,200.0,169.9092651913499,0.002075258252215132,-157.96875211824354,22.630386744827238,0.05720680620580519
61905.0,0.02831238815755024,2.5930508879191057,170.0037493595254,Clear,0.0,12.0,624.80306533671,11.999892331761941,12.0,200.0,169.94627117403485,0.0020841186916607155,-158.0060879751517,22.593050887919105,0.05747818549052827
61906.0,0.028857876400421593,2.554940483608374,170.04180202148407,Clear,0.0,12.0,627.526188608266,11.99988967407755,12.0,200.0,169.9840452424943,0.0020932020531626116,-158.04419837946242,22.554940483608373,0.057756778989787344
61907.0,0.029420575354560705,2.516078240825924,170.08060727982394,Clear,0.0,12.0,630.3152728312879,11.9998870513118,12.0,200.0,170.02256475103093,0.0021025054367154487,-158.08306062224486,22.516078240825923,0.05804252879303639
61908.0,0.03000052335086586,2.4764868286194694,170.12014246991697,Clear,0.0,12.0,633.169443041068,11.999884463666735,12.0,200.0,170.06180709295722,0.0021120259237511173,-158.1226520344513,22.476486828619468,0.05833537695974261
61909.0,0.03059775351751319,2.436188847143042,170.16038499515423,Clear,0.0,12.0,636.0878195331828,11.999881911304154,12.0,200.0,170.10174972956935,0.0021217605798915153,-158.16295001592775,22.436188847143043,0.058635265584887276
61910.0,0.031212277189318346,2.3952067893343383,170.20131236529164,Clear,0.0,12.0,639.0695194445113,11.999879394346674,12.0,200.0,170.1423702283483,0.0021317064602222628,-158.20393207373644,22.39520678933434,0.05894213694333499
61911.0,0.0318441073625443,2.3535630204376288,170.24290221696214,Clear,0.0,12.0,642.1136571253983,11.999876912879358,12.0,200.0,170.18364628345273,0.002141860610534099,-158.24557584263314,22.353563020437626,0.05925593350939623
61912.0,0.0324932427704012,2.3112797483329883,170.28513234337515,Clear,0.0,12.0,645.2193452559712,11.999874466951027,12.0,200.0,170.22555574531967,0.002152220071046521,-158.28785911473778,22.31127974833299,0.05957659805547772
61913.0,0.03315967142421614,2.2683789981600753,170.32798071972394,Clear,0.0,12.0,648.385695734052,11.999872056575695,12.0,200.0,170.26807664599855,0.0021627818793695337,-158.3307598649107,22.268378998160077,0.05990407372540106
61914.0,0.03384337031790019,2.2248825913477988,170.37142552418888,Clear,0.0,12.0,651.6118203187278,11.999869681734097,12.0,200.0,170.31118722010294,0.0021735430726503727,-158.374256271723,22.224882591347797,0.0602383040859225
61915.0,0.0345443053475056,2.1808121150933775,170.4154451684855,Clear,0.0,12.0,654.8968320651288,11.999867342374932,12.0,200.0,170.3548659352274,0.0021845006923594083,-158.4183267479774,22.180812115093378,0.06057923325810162
61916.0,0.03526243101003952,2.1361889101214233,170.46001831014274,Clear,0.0,12.0,658.2398454862611,11.999865038416578,12.0,200.0,170.39909150422255,0.002195651784829961,-158.46294995294937,22.136188910121422,0.060926805920204954
61917.0,0.03599769031492205,2.0910340488998056,170.5051238743175,Clear,0.0,12.0,661.6399774980811,11.999862769748507,12.0,200.0,170.4438429069265,0.002206993404410731,-158.50810481417096,22.091034048899804,0.06128096739095425
61918.0,0.03675001464563525,2.0453683209962916,170.5507410684714,Clear,0.0,12.0,665.0963479081445,11.999860536232811,12.0,200.0,170.48909940480544,0.0022185226150957557,-158.5537705420745,22.045368320996293,0.0616416636659505
61919.0,0.037519323895099196,1.9992122057720685,170.5968494097036,Clear,0.0,12.0,668.608080941643,11.999858337705417,12.0,200.0,170.53484056813903,0.0022302364956147194,-158.5999266572987,21.999212205772068,0.06200884156454847
61920.0,0.03830552612471812,1.9525858777008094,170.64342871947377,Clear,0.0,12.0,672.1743043672516,11.999856173978035,12.0,200.0,170.58104627084842,0.0022421321365170954,-158.64655298537,21.95258587770081,0.062382448625351944
61921.0,0.039108523868916105,1.9055091734296918,170.69045915656162,Clear,0.0,12.0,675.7941515993858,11.999854044839084,12.0,200.0,170.62769672324688,0.002254206647184519,-158.69362968964109,21.905509173429692,0.06276243331473497
61922.0,0.03992819081270902,1.85800159141642,170.73792121746706,Clear,0.0,12.0,679.46676139394,11.999851950055424,12.0,200.0,170.67477247248365,0.0022664571548158827,-158.74113727165437,21.85800159141642,0.06314874498340607
61923.0,0.040764405839782775,1.8100822815720174,170.78579574679702,Clear,0.0,12.0,683.1912783636964,11.999849889373703,12.0,200.0,170.72225441288646,0.0022788808061465523,-158.78905658149878,21.81008228157202,0.06354133391056661
61924.0,0.04161703125618449,1.7617700246981796,170.83406395785258,Clear,0.0,12.0,686.9668543595266,11.999847862521502,12.0,200.0,170.77012380641335,0.002291474772055562,-158.8373688383726,21.76177002469818,0.0639401514392258
61925.0,0.042485937807916874,1.7130832446645141,170.88270742049002,Clear,0.0,12.0,690.792647363089,11.999845869209077,12.0,200.0,170.81836227063914,0.002304236243872049,-158.88605561840626,21.713083244664514,0.06434514985088283
61926.0,0.04337092586857111,1.6640399816384768,170.9317080879094,Clear,0.0,12.0,694.6678234751274,11.999843909130224,12.0,200.0,170.86695180534304,0.002317162440007505,-158.9350988814323,21.664039981638478,0.0647562825663822
61927.0,0.044271845016100764,1.6146578979609867,170.9810482908118,Clear,0.0,12.0,698.5915564111017,11.999841981963797,12.0,200.0,170.91587478672625,0.0023302506042733795,-158.9844809651098,21.614657897960985,0.06517350408557715
61928.0,0.04518851413158376,1.5649542707580713,171.03071074481275,Clear,0.0,12.0,702.5630280841036,11.999840087374842,12.0,200.0,170.96511397477016,0.0023434980078254793,-159.03418459231273,21.564954270758072,0.065596770042572
61929.0,0.04612074190553811,1.514945988420617,171.08067855398812,Clear,0.0,12.0,706.5814289349103,11.999838225015798,12.0,200.0,171.01465251675464,0.002356901950264907,-159.08419287465017,21.514945988420617,0.0660260372334836
61930.0,0.04706832709025449,1.4646495509140682,171.13093521058997,Clear,0.0,12.0,710.6459579995284,11.99983639452766,12.0,200.0,171.06447394697128,0.0023704597598633663,-159.13448931215672,21.464649550914068,0.06646126361870347
61931.0,0.04803105904667937,1.4140810565844208,171.18146460826017,Clear,0.0,12.0,714.7558241151257,11.999834595540886,12.0,200.0,171.11456219981292,0.002384168797585714,-159.18505780648638,21.414081056584422,0.06690240844726725
61932.0,0.04900871771269588,1.3632562214939417,171.2322510227253,Clear,0.0,12.0,718.910244532779,11.999832827676801,12.0,200.0,171.1649015906224,0.0023980264524625866,-159.23588264157684,21.36325622149394,0.0673494321028953
61933.0,0.050001074353656416,1.3121903592115858,171.28327913202017,Clear,0.0,12.0,723.1084467743246,11.999831090548248,12.0,200.0,171.2154768357193,0.0024120301477841867,-159.2869485038592,21.312190359211588,0.06780229630089546
61934.0,0.05100789172804421,1.260898393023653,171.33453400430253,Clear,0.0,12.0,727.3496678932975,11.999829383760742,12.0,200.0,171.2662730402975,0.0024261773386350417,-159.33824047004714,21.260898393023652,0.06826096400502102
61935.0,0.05202892454051122,1.2093948544418427,171.3860010993642,Clear,0.0,12.0,731.6331548799182,11.999827706913369,12.0,200.0,171.31727569989496,0.002440465513244894,-159.38974400862895,21.209394854441843,0.06872539946921957
61936.0,0.053063919795370174,1.1576938880752945,171.43766626377885,Clear,0.0,12.0,735.9581645708722,11.999826059599679,12.0,200.0,171.3684706955529,0.0024548921926877566,-159.44144497499548,21.157693888075293,0.06919556822596339
61937.0,0.05411261744866214,1.1058092427348236,171.48951573981202,Clear,0.0,12.0,740.3239647410228,11.99982444140835,12.0,200.0,171.41984430260828,0.002469454934523479,-159.49332962033597,21.10580924273482,0.06967143720373017
61938.0,0.05517475043408382,1.053754294679357,171.5415361421987,Clear,0.0,12.0,744.7298325252016,11.999822851924304,12.0,200.0,171.471383167644,0.002484151327533402,-159.54538456839143,21.053754294679358,0.07015297455472214
61939.0,0.056250045504471324,1.0015420311404042,171.59371447462863,Clear,0.0,12.0,749.175056195837,11.99982129072913,12.0,200.0,171.52307432477903,0.002498978997649891,-159.5975968319304,21.001542031140406,0.07064014984959412
61940.0,0.05733823650067793,0.9491850630266586,171.64603811705973,Clear,0.0,12.0,753.6589345142124,11.999819757401939,12.0,200.0,171.5749051830534,0.002513935605792366,-159.64995380004413,20.949185063026658,0.07113293400632077
61941.0,0.05843901110124455,0.8966956379770374,171.69849481268267,Clear,0.0,12.0,758.1807760437109,11.999818251520162,12.0,200.0,171.62686351346562,0.0025290188455765316,-159.70244322509376,20.89669563797704,0.07163129921703215
61942.0,0.05955209428265451,0.8440856309041954,171.75107267738593,Clear,0.0,12.0,762.7399004096903,11.999816772659946,12.0,200.0,171.6789374582987,0.0025442264475168696,-159.75505323216657,20.844085630904196,0.07213521908726929
61943.0,0.060677191859033086,0.7913665492269395,171.8037601945372,Clear,0.0,12.0,767.3356383322304,11.99981532039678,12.0,200.0,171.73111552589404,0.0025595561791358686,-159.80777231384386,20.79136654922694,0.07264466864314545
61944.0,0.06181400533211889,0.7385495525980752,171.85654619527156,Clear,0.0,12.0,771.9673303953718,11.999813894306248,12.0,200.0,171.78338657107304,0.0025750058408586514,-159.8605893104727,20.738549552598077,0.07315962419854298
61945.0,0.06296223251103444,0.6856454500750525,171.90941986132924,Clear,0.0,12.0,776.6343277780272,11.999812493964404,12.0,200.0,171.83573979789116,0.002590573268451027,-159.91349341299573,20.68564545007505,0.07368006343809082
61946.0,0.06412156813507874,0.6326646976083934,171.96237072757597,Clear,0.0,12.0,781.3359929910885,11.999811118948177,12.0,200.0,171.88816476207154,0.0026062563354782207,-159.9664741654624,20.63266469760839,0.07420596550441269
61947.0,0.06529170387267547,0.579617424047542,172.01538865601222,Clear,0.0,12.0,786.07169809354,11.999809768836073,12.0,200.0,171.9406513452088,0.0026220529473544663,-160.01952143902326,20.57961742404754,0.07473731080342418
61948.0,0.06647232917762391,0.5265134176671563,172.06846384925058,Clear,0.0,12.0,790.8408264068953,11.999808443208327,12.0,200.0,171.9931897680499,0.0026379610470617485,-160.07262544540365,20.526513417667157,0.07527408120068008
61949.0,0.06766313145787822,0.4733621439771423,172.12158683271767,Clear,0.0,12.0,795.642771460479,11.999807141647466,12.0,200.0,172.0457705728084,0.0026539786116316477,-160.12577671909366,20.47336214397714,0.07581625990924316
61949.898,0.06874088616178498,0.4255995541268017,172.16932445616365,Clear,0.0,12.0,799.9823937837064,11.99980599301405,12.0,200.0,172.09301672350665,0.0026684540335691377,-160.173539308944,20.425599554126805,0.07630773265700952
