Times,BER,EbNo,Prop_Loss,Weather,Rain_Loss,EIRP,Range,Rcvd_Frequency,g_over_T,Bandwidth,Free_Space_Loss,Propagation_Delay,Rcvd_Iso_Power,C/No,Atmos Loss
23427.092418935,0.1287489178082667,-1.9308781285279772,174.5256944539571,Clouds,2.355675961681824,12.0,799.9876929969328,12.000198961185186,12.0,200.0,172.09307426005893,0.002668471709841789,-162.53001699159879,18.06912187147202,0.07694423221637424
23428.0,0.1271569056540054,-1.8727058913852026,174.4675461896383,Clouds,2.3470237578275075,12.0,795.4889810193217,12.000197858291056,12.0,200.0,172.0440915078267,0.0026534656219381,-162.47184475445601,18.127294108614798,0.07643092398409283
23429.0,0.12540970237375465,-1.808728122161676,174.40359531256638,Clouds,2.3376047674922966,12.0,790.5613868958344,12.000196621083044,12.0,200.0,171.990120111566,0.0026370289371850522,-162.40786698523243,18.191271877838325,0.07587043350808781
23430.0,0.12367023204754518,-1.7448839511546153,174.33977854412785,Clouds,2.3283070504360848,12.0,785.6649936506162,12.000195360384765,12.0,200.0,171.9361562029831,0.002620696327359297,-162.3440228142254,18.255116048845387,0.07531529070868526
23431.0,0.12193899012839537,-1.6811837774548122,174.2761062928648,Clouds,2.319132169913135,12.0,780.8003933971277,12.00019407576095,12.0,200.0,171.8822086122934,0.0026044697675387403,-162.28032264052558,18.318816222545188,0.07476551065827557
23432.0,0.12021647826265319,-1.6176383823794482,174.21258934962592,Clouds,2.3100817372457554,12.0,775.968189650329,12.000192766772615,12.0,200.0,171.82828650247137,0.0025883512708326007,-162.21677724545026,18.38236161762055,0.07422110990875483
23433.0,0.11850320352052984,-1.5542589241466431,174.14923888224197,Clouds,2.301157409553804,12.0,771.1689964594834,12.000191432977028,12.0,200.0,171.77439936630125,0.002572342885488745,-162.15339778721741,18.445741075853356,0.07368210638690863
23434.0,0.11679967816785042,-1.4910569532826943,174.08606645092073,Clouds,2.29236089032444,12.0,766.4034391351171,12.000190073928268,12.0,200.0,171.72055704112591,0.0025564466973185735,-162.09019581635349,18.508943046717306,0.07314851947036452
23435.0,0.11510640967441055,-1.428044417264405,174.02308401288155,Clouds,2.283693928282722,12.0,761.6721541644772,12.000188689177582,12.0,200.0,171.6667697146283,0.002540664829415012,-162.02718328033518,18.571955582735594,0.07262036997054114
23436.0,0.11342393677240747,-1.3652336689612716,173.9603039307882,Clouds,2.275158316623083,12.0,756.9757894289882,12.000187278273813,12.0,200.0,171.61304793401203,0.002524999442877873,-161.9643725320321,18.634766331038726,0.07209768015308415
23437.0,0.11175277567031972,-1.3026374645442373,173.8977389706527,Clouds,2.266755890635548,12.0,752.3150036522179,12.000185840763633,12.0,200.0,171.55940260634685,0.0025094527349724654,-161.90177632761504,18.697362535455763,0.07158047367029882
23438.0,0.11009345408158583,-1.2402689813150594,173.83540231964656,Clouds,2.258488527816239,12.0,747.6904673583342,12.000184376192367,12.0,200.0,171.5058450161663,0.002494026942326662,-161.83940784438585,18.75973101868494,0.07106877566402738
23439.0,0.10844650214001944,-1.1781418166419648,173.77330758502876,Clouds,2.2503581451810457,12.0,743.1028624389453,12.000182884104351,12.0,200.0,171.4523868271357,0.0024787243394860364,-161.77728067971276,18.821858183358035,0.07056261271197718
23440.0,0.10681245166787667,-1.1162699885594878,173.71146879473685,Clouds,2.2423666965963567,12.0,738.5528818815012,12.000181364043328,12.0,200.0,171.39904008534413,0.002463547238007906,-161.71540885163026,18.883730011440512,0.07006201279639182
23441.0,0.10519183568108631,-1.054667945711192,173.6499004073124,Clouds,2.234516171048866,12.0,734.0412302199029,12.000179815553254,12.0,200.0,171.3458172309148,0.0024484979879644034,-161.65380680878198,18.94533205428881,0.06956700534873957
23442.0,0.10358518765391328,-0.9933505685369772,173.58861731307573,Clouds,2.226808589449873,12.0,729.5686233729039,12.000178238178863,12.0,200.0,171.29273110239473,0.0024335789774034408,-161.59248943160776,19.006649431463025,0.06907762123112023
23443.0,0.10199304081185906,-0.9323331716897254,173.52763483652797,Clouds,2.219246001267635,12.0,725.1357886165075,12.000176631466342,12.0,200.0,171.23979494253024,0.002418792632256638,-161.53147203476053,19.067666828310273,0.06859389273006969
23444.0,0.10041592739974747,-0.8716315055647019,173.46696873786442,Clouds,2.211830480668446,12.0,720.7434645384176,12.00017499496407,12.0,200.0,171.18702240364482,0.0024041414161873865,-161.4707703686355,19.128368494435296,0.06811585355119398
23445.0,0.09885437797502111,-0.8112617587412452,173.40663521539847,Clouds,2.2045641223436605,12.0,716.3924011099568,12.000173328223434,12.0,200.0,171.1344275542284,0.0023896278308307437,-161.41040062181204,19.188738241258754,0.06764353882637213
23446.0,0.09730892043460465,-0.7512405498945057,173.3466508974616,Clouds,2.197449035618285,12.0,712.0833590575676,12.00017163079937,12.0,200.0,171.08202487679898,0.0023752544136969836,-161.3503794129653,19.248759450105496,0.06717698504432967
23447.0,0.09578007955761936,-0.6915849393012014,173.28703285387934,Clouds,2.1904873403817597,12.0,707.8171107100313,12.000169902251727,12.0,200.0,171.0298292833537,0.002361023740997618,-161.29072380237199,19.3084150606988,0.06671623014386324
23448.0,0.09426837584738584,-0.6323124126434915,173.22779857976658,Clouds,2.183681159168388,12.0,703.5944389236109,12.000168142145675,12.0,200.0,170.97785610719887,0.0023469384240600573,-161.23145127571428,19.367687587356507,0.06626131339933185
23449.0,0.09277432488943754,-0.5734408840884899,173.1689659985799,Clouds,2.1770326109039853,12.0,699.416137473073,12.000166350052938,12.0,200.0,170.9261211122133,0.0023330011106319193,-161.17257974715926,19.42655911591151,0.06581227546261116
23450.0,0.09129843645086855,-0.514988688403769,173.11055345421278,Clouds,2.1705438026816597,12.0,695.2830107411044,12.000164525552739,12.0,200.0,170.8746404931964,0.002319214483845035,-161.11412755147455,19.48501131159623,0.06536915833471033
23451.0,0.08984121361410818,-0.456974573266724,173.05257970328154,Clouds,2.164216820824501,12.0,691.1958735180957,12.00016266823287,12.0,200.0,170.8234308771117,0.0023055812615475992,-161.0561134363375,19.543025426733276,0.0649320053453391
23452.0,0.0884031519414532,-0.39941769146732176,172.99506390730267,Clouds,2.158053721106262,12.0,687.1555508962575,12.000160777690871,12.0,200.0,170.77250932505007,0.0022921041959509786,-160.9985565545381,19.60058230853268,0.0645008611463091
23453.0,0.08698473841185034,-0.34233758240844064,172.93802561417507,Clouds,2.152056516938823,12.0,683.1628775242448,12.000158853534849,12.0,200.0,170.72189332560012,0.002278786071143407,-160.94147644547922,19.65766241759156,0.0640757716361225
23454.0,0.08558645082743865,-0.2857541706287069,172.88148475666372,Clouds,2.146227168381118,12.0,679.2186981767912,12.000156895385299,12.0,200.0,170.67160080425657,0.002265629704990081,-160.8848930336995,19.714245829371293,0.06365678402600904
23455.0,0.08420875660717042,-0.2296877376693046,172.82546162425209,Clouds,2.1405675672701228,12.0,675.3238665874048,12.000154902875746,12.0,200.0,170.6216501102605,0.0022526379452394523,-160.8288266007401,19.770312262330695,0.06324394672150016
23456.0,0.0828521120511056,-0.17415891053643284,172.7699768515689,Clouds,2.1350795229422124,12.0,671.47924558557,12.000152875654402,12.0,200.0,170.57206001928324,0.002239813669980884,-160.7732977736072,19.825841089463566,0.06283730934346615
23457.0,0.08151694948092181,-0.11918863883414851,172.7150513954932,Clouds,2.1297647455222597,12.0,667.6857065931682,12.00015081338544,12.0,200.0,170.52284972728813,0.0022271597859648898,-160.71832750190495,19.88081136116585,0.06243692268280355
23458.0,0.0802037224827884,-0.06479817237299229,172.6607065127306,Clouds,2.124624827903755,12.0,663.9441293168655,12.000148715750479,12.0,200.0,170.4740388461518,0.002214679227577051,-160.66393703544378,19.935201827627008,0.06204283867503934
23459.0,0.07891283776568553,-0.011009027841663094,172.60696372646166,Clouds,2.119661225239173,12.0,660.2554008605885,12.000146582449663,12.0,200.0,170.42564739090682,0.0022023749538775538,-160.61014789091246,19.988990972158337,0.06165511031567941
23460.0,0.07764469794622963,0.0421570302968924,172.55384480719175,Clouds,2.1148752341926964,12.0,656.6204159986603,12.00014441320379,12.0,200.0,170.37769578129985,0.002190249949512273,-160.5569818327739,20.042157030296895,0.06127379169921024
23461.0,0.07639968983281525,0.09467803438665491,172.50137172815056,Clouds,2.110267968159654,12.0,653.040075893279,12.000142207755196,12.0,200.0,170.3302048220969,0.002178307220434741,-160.5044608286841,20.094678034386657,0.06089893789400843
23462.0,0.07517818368680457,0.14653184438830383,172.4495666344407,Clouds,2.105840332008829,12.0,649.5152879618059,12.000139965869668,12.0,200.0,170.28319569749297,0.0021665497934634697,-160.45260701868247,20.146531844388306,0.06053060493894752
23463.0,0.07398053233821433,0.19769618883050594,172.39845180205157,Clouds,2.1015929940295637,12.0,646.046965261255,12.000137687338064,12.0,200.0,170.23668995822985,0.002154980714228825,-160.4014426742403,20.197696188830506,0.06016884979216083
23464.0,0.07280707018462346,0.24814871518702844,172.34804958745588,Clouds,2.097526355180469,12.0,642.6360254559918,12.00013537197751,12.0,200.0,170.19070950204153,0.002143603043729645,-160.35099014788375,20.248148715187032,0.059813730233899444
23465.0,0.07165811257296639,0.2978670284597092,172.29838238897557,Clouds,2.093640517301906,12.0,639.283390811158,12.000133019633767,12.0,200.0,170.14527656679346,0.0021324198583113053,-160.30127183461107,20.29786702845971,0.059465304880219005
23466.0,0.07053395473323976,0.3468287537550633,172.2494725841848,Clouds,2.089935247348925,12.0,635.9899867942892,12.000130630182154,12.0,200.0,170.10041370378468,0.0021214342450012174,-160.25231010931574,20.346828753755062,0.05912363305119447
23467.0,0.06943487109644664,0.39501158733335484,172.20134247881577,Clouds,2.0864099405335015,12.0,632.7567416914941,12.000128203529647,12.0,200.0,170.05614376353705,0.0021106493002285404,-160.20412727573742,20.395011587333354,0.0587887747451995
23468.0,0.06836111447111876,0.442393358818464,172.1540142445147,Clouds,2.083063580596227,12.0,629.5845857019051,12.000125739616436,12.0,200.0,170.01248987335813,0.0021000681268035937,-160.1567455042523,20.442393358818464,0.05846079056035957
23469.0,0.06731291530828326,0.4889520947544004,172.10750985524675,Clouds,2.079894698091102,12.0,626.4744501678571,12.000123238417713,12.0,200.0,169.96947541552447,0.0020896938313500106,-160.1101867683164,20.4889520947544,0.058139741631188895
23470.0,0.06629048086231187,0.5346660920792865,172.0618510137951,Clouds,2.0769013262794043,12.0,623.4272663561754,12.000120699944906,12.0,200.0,169.92712399799723,0.00207952952023955,-160.06447277099147,20.534666092079288,0.057825689518486614
23471.0,0.06529399469229502,0.5795139817269559,172.0170590881074,Clouds,2.074080956230229,12.0,620.4439650931188,12.000118124248072,12.0,200.0,169.88545943568727,0.0020695782983743997,-160.01962488134382,20.579513981726954,0.05751869618991114
23472.0,0.06432361582954871,0.6234748123316681,171.97315502757266,Clouds,2.0714304895272666,12.0,617.5254752263522,12.000115511416753,12.0,200.0,169.84450571416684,0.0020598432640568706,-159.9756640507391,20.623474812331672,0.05721882387856091
23473.0,0.06337947832245061,0.6665281221697676,171.93015929103274,Clouds,2.068946191217211,12.0,614.6727230010299,12.00011286158213,12.0,200.0,169.8042869647787,0.0020503275069082287,-159.93261074090103,20.666528122169765,0.05692613503688059
23474.0,0.062461690599184994,0.7086540242402904,171.88809176168127,Clouds,2.0666236421185755,12.0,611.88663064326,12.000110174917973,12.0,200.0,169.76482742735098,0.0020410341031436487,-159.8904848388305,20.708654024240293,0.05664069221173378
23475.0,0.06157033519834665,0.749833279246091,171.84697167403246,Clouds,2.0644576929162652,12.0,609.1681157597525,12.000107451642938,12.0,200.0,169.72615142311608,0.00203196611356965,-159.8493055838247,20.749833279246094,0.05636255800012402
23476.0,0.060705468281355035,0.7900473828580814,171.80681752664367,Clouds,2.0624424197076254,12.0,606.5180897246919,12.000104692021191,12.0,200.0,169.68828331203042,0.002023126578203285,-159.80909148021271,20.790047382858084,0.05609179490560814
23477.0,0.059867119543771774,0.8292786385064839,171.76764700928254,Clouds,2.060571084068007,12.0,603.9374568516907,12.000101896364315,12.0,200.0,169.65124745994115,0.0020145185135100724,-159.7698602245643,20.829278638506487,0.055828465273409754
23478.0,0.059055292075472166,0.8675102358303541,171.72947692446326,Clouds,2.058836098366977,12.0,601.4271128938203,12.00009906503198,12.0,200.0,169.61506819493852,0.00200614490740064,-159.73162862724044,20.867510235830355,0.055572631157738
23479.0,0.05826996264794526,0.9047263118070804,171.692323126273,Clouds,2.057228999685597,12.0,598.9879442280694,12.000096198433962,12.0,200.0,169.57976977232784,0.0019980087165103713,-159.69441255126372,20.90472631180708,0.05532435425961015
23480.0,0.0575110819761282,0.9409120149330708,171.65620045618783,Clouds,2.055740434052738,12.0,596.6208261989615,12.000093297030316,12.0,200.0,169.54537632635459,0.0019901128606743053,-159.6582268481377,20.94091201493307,0.05508369578054674
23481.0,0.05677857547597964,0.9760535470003744,171.6211227012643,Clouds,2.054360155343325,12.0,594.3266220703356,12.00009036133284,12.0,200.0,169.51191182958482,0.0019824602194306556,-159.62308531607042,20.976053547000376,0.05485071633614466
23482.0,0.05607232927093497,1.0101381924703596,171.587102564752,Clouds,2.0530770421080726,12.0,592.1061816679987,12.000087391905705,12.0,200.0,169.47940004680274,0.0019750536274931864,-159.58900067060043,21.01013819247036,0.054625475841171105
23483.0,0.05539225048924695,1.0431543249345019,171.55415165961506,Clouds,2.051879137108919,12.0,589.9603401016891,12.00008438936628,12.0,200.0,169.44786448910526,0.00196789587048814,-159.55598453813627,21.043154324934502,0.05440803340088702
23484.0,0.05473818271786213,1.0750913894400738,171.52228052620418,Clouds,2.0507537145249004,12.0,587.8899163075324,12.00008135438526,12.0,200.0,169.41732836449287,0.001960989680092394,-159.5240474736307,21.07509138944007,0.05419844718640977
23485.0,0.05410996510897026,1.1059398483207088,171.49149868641018,Clouds,2.049687380777158,12.0,585.8957118366021,12.000078287687368,12.0,200.0,169.38781453130105,0.001954337729992534,-159.49319901475008,21.10593984832071,0.05399677433195761
23486.0,0.05350742177806733,1.1356910903938893,171.4618147344629,Clouds,2.0486662149207695,12.0,583.9785094896174,12.000075190051554,12.0,200.0,169.35934544872077,0.001947942631330697,-159.4634477726769,21.13569109039389,0.05380307082135959
23487.0,0.0528462536202991,1.1685255239700867,171.4290482439307,Clouds,2.0434877270459113,12.0,582.1390718684094,12.00007206231059,12.0,200.0,169.33194312552317,0.0019418069278727798,-159.4306133391007,21.16852552397009,0.05361739136161579
23488.0,0.05219304119492085,1.2011632193694268,171.39647912519936,Clouds,2.037410264555721,12.0,580.3781401299641,12.000068905351286,12.0,200.0,169.30562907136425,0.0019359330918523778,-159.39797564370136,21.201163219369427,0.053439789279389825
23489.0,0.05157148241857862,1.2324068553256593,171.36530467908,Clouds,2.03161011684229,12.0,578.6964326078257,12.000065720113943,12.0,200.0,169.28042424583478,0.0019303235193722777,-159.36673200774513,21.232406855325657,0.0532703164029362
23490.0,0.050981538209033395,1.2622344814001996,171.33554683440767,Clouds,2.0260888033742828,12.0,577.0946434824561,12.00006250759178,12.0,200.0,169.25634900808353,0.001924980525969256,-159.3369043816706,21.262234481400203,0.053109022949835646
23491.0,0.050423162635640395,1.29062485128518,171.30722681475288,Clouds,2.020847790438515,12.0,575.573441482366,12.000059268830265,12.0,200.0,169.23342306689852,0.0019199063422815192,-159.3085140117856,21.29062485128518,0.05295595741584377
23492.0,0.049896304020638604,1.3175574768468457,171.28036508440925,Clouds,2.0158884875921204,12.0,574.1334685468729,12.0000560049257,12.0,200.0,169.21166543035577,0.0019151031095881437,-159.28158138622393,21.317557476846844,0.05281116646134895
23493.0,0.04940090607665909,1.3430126793366188,171.25498129719688,Clouds,2.0112122445614835,12.0,572.7753386250814,12.000052717024545,12.0,200.0,169.19109435782588,0.0019105728758029045,-159.25612618373418,21.343012679336617,0.05267469480951334
23494.0,0.04893690899149711,1.3669716416506161,171.23109424424962,Clouds,2.0068203478505433,12.0,571.4996363961925,12.000049406321295,12.0,200.0,169.17172731126144,0.0019063175912056884,-159.23216722142018,21.366971641650615,0.052546585137613004
23495.0,0.048504250531774595,1.3894164573348535,171.20872180502437,Clouds,2.0027140178015586,12.0,570.3069161305527,12.000046074057787,12.0,200.0,169.15358090924332,0.0019023391046433622,-159.20972240573593,21.389416457334853,0.05242687797950994
23496.0,0.04810286708478978,1.4103301798374492,171.1878808981108,Clouds,1.9988944054485789,12.0,569.1977004989515,12.000042721520382,12.0,200.0,169.13667088103747,0.001898639159558015,-159.18880868323333,21.410330179837448,0.052315611624778505
23497.0,0.04773269468973779,1.429696868741135,171.16858743502877,Clouds,1.9953625897118563,12.0,568.1724794926305,12.000039350038573,12.0,200.0,169.12101202329,0.0018952193903844989,-159.16944199432965,21.429696868741136,0.052212822026897
23498.0,0.04739367002754008,1.4475016339322944,171.15085627612385,Clouds,1.9921195747364315,12.0,567.2317093974942,12.000035960982029,12.0,200.0,169.1066181586714,0.0018920813191287628,-159.1516372291385,21.447501633932294,0.05211854271602184
23499.0,0.04708573134189836,1.4637306785480484,171.13470118765267,Clouds,1.9891662871791156,12.0,566.3758117660856,12.000032555759095,12.0,200.0,169.09350209576291,0.0018892263519387322,-159.13540818452273,21.46373067854805,0.052032804710638904
23500.0,0.04680881933387282,1.4783713379043706,171.12013480293137,Clouds,1.9865035739317125,12.0,565.6051725322018,12.000029135813284,12.0,200.0,169.08167559255617,0.0018866557761509856,-159.12076752516643,21.47837133790437,0.05195563644345997
23501.0,0.046562877996811414,1.4914121155804723,171.10716858631173,Clouds,1.9841322000261346,12.0,564.9201411945816,12.000025702620484,12.0,200.0,169.0711493225945,0.0018843707575678288,-159.10772674749032,21.491412115580474,0.051887063691088704
23502.0,0.04634785533452085,1.5028427191833507,171.0958127974647,Clouds,1.982052846240749,12.0,564.3210299286486,12.00002225768675,12.0,200.0,169.06193284172548,0.0018823723374943896,-159.09629614388743,21.50284271918335,0.051827109498468533
23503.0,0.04616370409116899,1.5126540885031843,171.08607646331467,Clouds,1.9802661077022048,12.0,563.8081130094367,12.000018802544192,12.0,200.0,169.05403456148224,0.0018806614308137023,-159.0864847745676,21.512654088503183,0.05177579413022244
23504.0,0.046010382325433696,1.5208384245020161,171.07796734910636,Clouds,1.978772491927005,12.0,563.3816260873708,12.000015338748392,12.0,200.0,169.04746172217148,0.0018792388235709745,-159.0783004385688,21.520838424502017,0.05173313500788665
23505.0,0.04588785399010331,1.5273892101784083,171.07149193763013,Clouds,1.977572417901151,12.0,563.0417657897276,12.00001186787429,12.0,200.0,169.04222037305078,0.0018781051716442031,-159.07174965289238,21.52738921017841,0.05169914667821178
23506.0,0.04579608930406026,1.5323012343307774,171.06665540551376,Clouds,1.9766662141916178,12.0,562.7886890557273,12.000008391513639,12.0,200.0,169.03831535056884,0.0018772609985262783,-159.06683762874002,21.532301234330777,0.051673840753270826
23507.0,0.045735065176662426,1.5355706040479458,171.06346161082803,Clouds,1.9760541186245582,12.0,562.6225129550457,12.000004911270569,12.0,200.0,169.03575026630648,0.0018767066947196042,-159.06356825902284,21.535570604047948,0.051657225897003986
23508.0,0.04570476549216784,1.5371947559594323,171.06191308191652,Clouds,1.9757362777093623,12.0,562.5433144521598,12.000001428757919,12.0,200.0,169.0345274964001,0.001876442516950042,-159.06194410711134,21.537194755959433,0.05164930780703839
23509.0,0.04570684542987352,1.537083247248826,171.0620110047411,Clouds,1.9757127453179892,12.0,562.5511299716154,11.999997945594357,12.0,200.0,169.03464817025076,0.0018764685867167991,-159.06205561582195,21.537083247248823,0.051650089172387545
23510.0,0.04574079725640545,1.5352634109109276,171.0637552247464,Clouds,1.9759834834713796,12.0,562.6459556078905,11.999994463399636,12.0,200.0,169.03611217157822,0.0018767848909924563,-159.06387545215986,21.53526341091093,0.05165956969676383
23511.0,0.04580547062562079,1.531798831189011,171.06714424299014,Clouds,1.9765483616110164,12.0,562.8277469088903,11.999990983791571,12.0,200.0,169.03891813530328,0.001877391281500785,-159.06734003188177,21.531798831189015,0.05167774607583519
23512.0,0.045900879710675524,1.526692378100921,171.0721752244538,Clouds,1.9774071575568293,12.0,563.096419179762,11.999987508381704,12.0,200.0,169.04306345486953,0.0018782874757301666,-159.07244648496987,21.52669237810092,0.05170461202743182
23513.0,0.046027045572235525,1.5199482518458105,171.07884400373266,Clouds,1.978559557511019,12.0,563.45184752603,11.999984038772038,12.0,200.0,169.0485442879303,0.001879473057077473,-159.07919061122496,21.519948251845808,0.051740158291354824
23514.0,0.04618399588894012,1.5115719691973828,171.08714509856003,Clouds,1.980005156982008,12.0,563.8938671900854,11.99998057655122,12.0,200.0,169.05535556891795,0.0018809474759704779,-159.0875668938734,21.511571969197384,0.05178437266007501
23515.0,0.04637176455759834,1.501570348188892,171.09707172504685,Clouds,1.9817434615458125,12.0,564.4222738605049,11.999977123291089,12.0,200.0,169.06349102349816,0.0018827100508996288,-159.0975685148819,21.501570348188892,0.05183724000286394
23516.0,0.04659039132921644,1.4899514824846394,171.1086158232229,Clouds,1.9837738889961634,12.0,565.036824412188,11.999973680542649,12.0,200.0,169.0729431918925,0.001884759970886886,-159.10918738058615,21.48995148248464,0.05189874233421682
23517.0,0.04683992106742901,1.476724727734574,171.1217680706319,Clouds,1.9860957689118255,12.0,565.7372369031008,11.999970249833755,12.0,200.0,169.08370344291586,0.001887096295474854,-159.12241413533621,21.476724727734574,0.05196885880419693
23518.0,0.047120403406112066,1.4619006589669568,171.1365179248355,Clouds,1.9887083469888045,12.0,566.5231919978553,11.999966832664361,12.0,200.0,169.09576201201486,0.0018897179594753357,-159.13723820410382,21.461900658966954,0.052047565831792666
23519.0,0.04743189176440865,1.4454910547353035,171.15285363923073,Clouds,1.9916107841812862,12.0,567.3943328761236,11.999963430504888,12.0,200.0,169.1091080179642,0.0018926237726638326,-159.1536478083355,21.445491054735303,0.05213483708523634
23520.0,0.04777444279492282,1.427508851415046,171.17076230866527,Clouds,1.9948021608202224,12.0,568.350266628459,11.999960044792157,12.0,200.0,169.1237295042357,0.0018958124244355043,-159.17163001165574,21.427508851415045,0.05223064360932819
23521.0,0.04814811544260916,1.4079681116993283,171.19022990089275,Clouds,1.9982814778367155,12.0,569.3905648136188,11.999956676927159,12.0,200.0,169.13961346918697,0.001899282485664195,-159.19117075137146,21.40796811169933,0.052334953869047504
23522.0,0.048552970048214794,1.3868839848272343,171.21124129628683,Clouds,2.0020476591468626,12.0,570.5147643743311,11.99995332827239,12.0,200.0,169.15674590331338,0.0019030324117571067,-159.21225487824356,21.386883984827236,0.05244773382657124
23523.0,0.048989067502681005,1.3642726589020329,171.233780335462,Clouds,2.0060995551764433,12.0,571.7223689029672,11.999950000149061,12.0,200.0,169.1751118332321,0.0019070605468766235,-159.23486620416875,21.364272658902035,0.05256894705343882
23524.0,0.049456468163199374,1.340151320951113,171.25782985917326,Clouds,2.0104359447262254,12.0,573.0128494312397,11.999946693835234,12.0,200.0,169.19469535965362,0.0019113651265744642,-159.25898754211968,21.340151320951115,0.052698554793419866
23525.0,0.04995523085557535,1.3145381083736851,171.2833717568214,Clouds,2.015055538163763,12.0,574.3856456226844,11.999943410563663,12.0,200.0,169.21547970259195,0.0019159442817693712,-159.2846007546971,21.314538108373682,0.05283651606571001
23526.0,0.05048541177535942,1.2874520621637693,171.31038701319287,Clouds,2.0199569800955413,12.0,575.840166822873,11.999940151520097,12.0,200.0,169.237447245345,0.0019207960422502458,-159.311686800907,21.287452062163766,0.05298278775234317
23527.0,0.05104706351499094,1.2589130708947804,171.33885576443242,Clouds,2.0251388535620833,12.0,577.3757935663273,11.999936917841302,12.0,200.0,169.26057958613933,0.0019259183417026698,-159.340225792176,21.25891307089478,0.05313732473099269
23528.0,0.05164023385075606,1.2289418248504878,171.36875734388897,Clouds,2.0305996822515575,12.0,578.9918785090518,11.99993371061402,12.0,200.0,169.28485758168716,0.0019313090208195026,-159.37019703822028,21.228941824850487,0.05330007995026316
23529.0,0.05226496462376634,1.1975597637573403,171.40007033435867,Clouds,2.0363379337778884,12.0,580.687747681171,11.999930530873819,12.0,200.0,169.31026139604603,0.0019369658314792263,-159.40157909931347,21.19755976375734,0.05347100453475555
23530.0,0.05292129074885987,1.1647890172670952,171.43277262757175,Clouds,2.042352024233481,12.0,582.4627021179975,11.999927379603712,12.0,200.0,169.33677055540798,0.0019428864421866061,-159.4343498458037,21.164789017267097,0.05365004793030378
23531.0,0.05360601040295815,1.1308120618076,171.46668176733442,Clouds,2.0484806160295563,12.0,584.316018845612,11.999924257733813,12.0,200.0,169.36436399332308,0.0019490684413602292,-159.46832680126317,21.130812061807596,0.05383715798179188
23532.0,0.054212731213938214,1.100881741759983,171.49654492833582,Clouds,2.049492544552543,12.0,586.2469523215109,11.999921166140618,12.0,200.0,169.3930201027267,0.0019555093421379896,-159.49825712131081,21.100881741759984,0.05403228105659112
23533.0,0.05484503719904865,1.0698613682893983,171.5274988173129,Clouds,2.050546670696841,12.0,588.2547356522889,11.999918105646806,12.0,200.0,169.4227167844678,0.0019622065864388387,-159.52927749478138,21.0698613682894,0.05423536214823238
23534.0,0.05550310064112801,1.0377596634855943,171.55953472889541,Clouds,2.051656878965588,12.0,590.3385824454499,11.999915077020592,12.0,200.0,169.45343150489094,0.001969157551139762,-159.5613791995852,21.037759663485595,0.05444634503888858
23535.0,0.05618707908837478,1.0045862463756134,171.5926430596123,Clouds,2.0528365547063117,12.0,592.4976872810381,11.999912080976587,12.0,200.0,169.48514133257848,0.0019763595496489713,-159.59455261669518,21.004586246375613,0.05466517232750156
23536.0,0.05689712589946344,0.9703517183583581,171.6268132224455,Clouds,2.054098438241099,12.0,594.7312278116225,11.99990911817529,12.0,200.0,169.51782299858596,0.0019838098389106987,-159.62878714471242,20.97035171835836,0.05489178561843298
23537.0,0.05763333185201458,0.935067720191133,171.6620335898524,Clouds,2.0554545190912994,12.0,597.0383661318347,11.999906189223502,12.0,200.0,169.55145294512084,0.0019915056239734846,-159.66407114287966,20.93506772019113,0.0551261256402249
23538.0,0.058395808174388886,0.8987469685384277,171.69829145724296,Clouds,2.056915963913127,12.0,599.418249294951,11.999903294675512,12.0,200.0,169.58600736105603,0.0019994440597133067,-159.70039189453234,20.898746968538426,0.05536813227383833
23539.0,0.05918462727271723,0.8614032382795077,171.73557306067025,Clouds,2.0584930739193665,12.0,601.8700115722115,11.99990043503303,12.0,200.0,169.6214622419895,0.0020076222583698604,-159.73773562479127,20.861403238279507,0.055617744761365176
23540.0,0.05999983624275079,0.8230513477419682,171.77386359162625,Clouds,2.0601952645922466,12.0,604.3927750620762,11.999897610746537,12.0,200.0,169.6577934252879,0.002016037291578817,-159.7760875153288,20.82305134774197,0.05587490174607999
23541.0,0.060841456379012615,0.783707105300776,171.8131472504524,Clouds,2.0620310649678633,12.0,606.9856516765028,11.99989482221573,12.0,200.0,169.6949766440323,0.0020246861969973333,-159.81543175777,20.783707105300774,0.05613954145225128
23542.0,0.06170948242564822,0.7433872690190478,171.85340728673793,Clouds,2.0640081304381583,12.0,609.6477433741054,11.999892069791322,12.0,200.0,169.73298755461119,0.0020335659790817868,-159.85575159405175,20.74338726901905,0.0564116016885912
23543.0,0.0626038827326093,0.7021094656688414,171.8946260803085,Clouds,2.066133268266265,12.0,612.3781444000488,11.9998893537755,12.0,200.0,169.77180179198754,0.0020426736165592555,-159.89702939740195,20.702109465668844,0.05669102005470366
23544.0,0.0635245990932799,0.659892127337981,171.93678520465656,Clouds,2.068412470400818,12.0,615.1759418904688,11.999886674423607,12.0,200.0,169.81139500027308,0.002052006064443652,-159.9392467357328,20.659892127337983,0.05697773398268126
23545.0,0.06447154693054657,0.6167544150087939,171.97986550339124,Clouds,2.0708509527040055,12.0,618.0402170162608,11.999884031945497,12.0,200.0,169.85174286985344,0.002061560257850986,-159.982384448062,20.616754415008796,0.05727168083378566
23546.0,0.06544461582949429,0.5727161302068482,172.02384717861275,Clouds,2.073453198832041,12.0,620.9700467332165,11.999881426506581,12.0,200.0,169.89282118172284,0.0020713331178371956,-160.02642273286395,20.57271613020685,0.057572798057855396
23547.0,0.0664436696050697,0.5277976520482195,172.0687098539122,Clouds,2.0762230050919066,12.0,623.964503763585,11.999878858230009,12.0,200.0,169.93460582564833,0.002081321551336642,-160.07134121102257,20.527797652048218,0.05788102317197817
23548.0,0.06746854719018985,0.4820198416742511,172.11443266995576,Clouds,2.0791635284287526,12.0,627.0226587502314,11.999876327197535,12.0,200.0,169.97707284756459,0.0020915224583476057,-160.11711902139652,20.48201984167425,0.05819629396244595
23549.0,0.06851906301806532,0.4354039745462817,172.16099435223245,Clouds,2.08227733306907,12.0,630.143580629761,11.999873833451481,12.0,200.0,170.02019847065722,0.0021019327331768998,-160.16373488852452,20.43540397454628,0.05851854850617179
23550.0,0.06959500766835108,0.3879716658158988,172.2083732857195,Clouds,2.085566437088952,12.0,633.3263375878944,11.999871376996383,12.0,200.0,170.06395912338064,0.002112549267626654,-160.21116719725487,20.3879716658159,0.05884772524991124
23551.0,0.07069614873712243,0.339744791076212,172.25654759416074,Clouds,2.089032358356897,12.0,636.5699984895884,11.999868957800352,12.0,200.0,170.108331472662,0.002123368955764686,-160.2593940719946,20.339744791076214,0.05918376314184089
23552.0,0.07182223140825511,0.2907454255681733,172.30549520090239,Clouds,2.0926761578239503,12.0,639.8736332639969,11.999866575797016,12.0,200.0,170.15329244142404,0.002134388695208593,-160.30839343750262,20.290745425568172,0.059526601654418705
23553.0,0.07297297928213442,0.24099577721795779,172.35519389588984,Clouds,2.096498481543536,12.0,643.2363139126074,11.999864230887093,12.0,200.0,170.19881923347333,0.0021456053904885344,-160.35814308585284,20.240995777217957,0.05987618087295865
23554.0,0.07414809517694149,0.19051812609382246,172.40562139624728,Clouds,2.100499600380002,12.0,646.6571153101895,11.999861922940076,12.0,200.0,170.2448893543034,0.0021570159557189046,-160.40862073697696,20.19051812609382,0.06023244156384958
23555.0,0.07534726189146185,0.1393347705495843,172.45675540017237,Clouds,2.1046794472221313,12.0,650.1351157837524,11.999859651795987,12.0,200.0,170.29148062773064,0.002168617316529532,-160.4598040925212,20.139334770549585,0.06059532521962153
23556.0,0.07657014329868322,0.08746796419217628,172.50857364999712,Clouds,2.1090376529565638,12.0,653.6693985496091,11.999857417266682,12.0,200.0,170.33857122284496,0.002180406414859206,-160.5116708988786,20.087467964192175,0.0609647741956013
23557.0,0.07781638477328762,0.03493988597214336,172.5610539621455,Clouds,2.1135735776851843,12.0,657.2590511303356,11.999855219138082,12.0,200.0,170.38613965282437,0.002192380207010863,-160.56419897709867,20.034939885972143,0.061340731635954646
23558.0,0.07908561450514462,-0.018227422870046812,172.6141742902102,Clouds,2.1182863427103764,12.0,660.9031672544403,11.999853057171217,12.0,200.0,170.4341648058408,0.002204535669988203,-160.61736628594082,19.981772577129952,0.061723141659039624
23559.0,0.0803774441381182,-0.07201208884976312,172.66791275503908,Clouds,2.1231748578199374,12.0,664.6008467294829,11.999850931104111,12.0,200.0,170.48262594788613,0.002216869801072457,-160.67115095192054,19.927987911150236,0.06211194933299594
23560.0,0.08169146966417334,-0.12639244311569997,172.722247681647,Clouds,2.1282378472412318,12.0,668.351195989588,11.999848840653355,12.0,200.0,170.5315027336826,0.002229379619648697,-160.72553130618647,19.873607556884302,0.06250710072311384
23561.0,0.0830272829820004,-0.1813470658662399,172.77715764365811,Clouds,2.1334738745810595,12.0,672.1533293715313,11.999846785515317,12.0,200.0,170.58077522606226,0.002242062171462403,-160.78048592893703,19.81865293413376,0.06290854301477805
23562.0,0.08438442960066833,-0.236854797190288,172.8326214741907,Clouds,2.1388813629386716,12.0,676.0063682681684,11.99984476536814,12.0,200.0,170.63042388683715,0.0022549145257956035,-160.83599366026107,19.76314520280971,0.06331622441485303
23563.0,0.08576247605025272,-0.2928947832238415,172.88861831203278,Clouds,2.1444586167889415,12.0,679.9094429049264,11.999842779872646,12.0,200.0,170.68042960091213,0.0022679337813926144,-160.89203364629464,19.70710521677616,0.06373009433170303
23564.0,0.08716096513733301,-0.34944648899260905,172.94512761452242,Clouds,2.1502038392310534,12.0,683.8616919872488,11.999840828674056,12.0,200.0,170.7307736719629,0.00228111706528404,-160.9485853520634,19.65055351100739,0.06415010332845485
23565.0,0.08857942857478396,-0.4064897193715388,173.00212917853568,Clouds,2.156115148604945,12.0,687.8622630670375,11.9998389114033,12.0,200.0,170.78143782677486,0.002294461534009096,-161.0056285824423,19.59351028062846,0.0645762031558826
23566.0,0.09001738817475191,-0.46400464877235537,173.05960317019665,Clouds,2.1621905947940747,12.0,691.910313678473,11.999837027678051,12.0,200.0,170.83240422853677,0.002307964377404294,-161.06314351184312,19.535995351227644,0.06500834686579787
23567.0,0.09147435626169814,-0.5219718172471276,173.11753012101843,Clouds,2.1684281708521196,12.0,696.0050102583075,11.999835177104453,12.0,200.0,170.8836554614754,0.0023216228150019285,-161.1211106803179,19.478028182752873,0.06544648869090797
23568.0,0.09294983713880783,-0.5803721667716137,173.17589096420113,Clouds,2.174825827791505,12.0,700.1455300225946,11.999833359277789,12.0,200.0,170.93517455217054,0.0023354341022901737,-161.1795110298424,19.419627833228386,0.0658905842391096
23569.0,0.09444332740493838,-0.6391870298972504,173.23466702331996,Clouds,2.1813814832886966,12.0,704.331059607025,11.999831573784137,12.0,200.0,170.98694494968626,0.00234939552617773,-161.23832589296802,19.36081297010275,0.06634059034499937
23570.0,0.09595431733779974,-0.698398159217724,173.293840041806,Clouds,2.1880930339175544,12.0,708.5607967055414,11.999829820201047,12.0,200.0,171.03895054264783,0.002363504410459657,-161.2975370222885,19.301601840782276,0.06679646524062416
23571.0,0.09748229147087395,-0.7579877235570363,173.35339217916282,Clouds,2.1949583629159286,12.0,712.8339494556654,11.999828098098815,12.0,200.0,171.09117564775997,0.002377758113767043,-161.35712658662783,19.242012276442964,0.06725816848692631
23572.0,0.09902672944088581,-0.8179383138551077,173.41330601687332,Clouds,2.2019753482262208,12.0,717.149736600777,11.999826407041501,12.0,200.0,171.1436050076582,0.0023921540301083126,-161.4170771769259,19.18206168614489,0.06772566098888347
23573.0,0.10058710712154362,-0.8782329591804989,173.47356457442828,Clouds,2.2091418710772315,12.0,721.5073884731904,11.99982474658763,12.0,200.0,171.196223798251,0.0024066895921484133,-161.47737182225129,19.121767040819503,0.06819890510004764
23574.0,0.10216289691384917,-0.9388551093426407,173.5341512919669,Clouds,2.216455819999242,12.0,725.9061456498329,11.9998231162915,12.0,200.0,171.24901760749123,0.002421362266724645,-161.53799397241343,19.06114489065736,0.0686778644764562
23575.0,0.1037535690678632,-0.9997886569254404,173.59505005232054,Clouds,2.2239150989401253,12.0,730.3452605225348,11.999821515703653,12.0,200.0,171.30197244913617,0.002436169560084579,-161.59892751999624,19.00021134307456,0.06916250424424855
23576.0,0.10535859223308991,-1.0610179290681099,173.65624517281415,Clouds,2.2315176312914784,12.0,734.8239967527862,11.999819944371819,12.0,200.0,171.35507475057796,0.0024511090160673297,-161.66015679213888,18.93898207093189,0.0696527909447146
23577.0,0.10697743397629289,-1.122527678019136,173.7177213958408,Clouds,2.239261363206576,12.0,739.3416286812048,11.999818401841862,12.0,200.0,171.4083113401679,0.002466178214133742,-161.72166654108992,18.877472321980864,0.0701486924663355
23578.0,0.10860956189289944,-1.1843030942481914,173.77946390198306,Clouds,2.247144269317278,12.0,743.8974424402614,11.999816887658213,12.0,200.0,171.46166945449536,0.0024813747730780523,-161.78344195731898,18.815696905751807,0.07065017817043504
23579.0,0.11025444431390258,-1.2463298040583934,173.8414583076398,Clouds,2.255164356199015,12.0,748.490735991989,11.999815401364542,12.0,200.0,171.51513673254402,0.0024966963511536674,-161.84546866712918,18.753670195941606,0.07115721889677426
23580.0,0.1119115505914321,-1.308593851589638,173.90369064704907,Clouds,2.2633196634286783,12.0,753.1208180457869,11.999813942504653,12.0,200.0,171.56870119677347,0.0025121406424633503,-161.90773271466043,18.691406148410362,0.07166978684691233
23581.0,0.11358035198050553,-1.371081703712424,173.96614737719108,Clouds,2.2716082672502385,12.0,757.787008698759,11.999812510622911,12.0,200.0,171.6223512542835,0.0025277053790951575,-161.9702205667832,18.628918296287576,0.07218785565734359
23582.0,0.11526032250015744,-1.4337802543584888,174.02881538212782,Clouds,2.280028283972821,12.0,762.4886400831583,11.999811105264644,12.0,200.0,171.6760756976792,0.002543388333282081,-162.03291911742926,18.56621974564151,0.07271140047578208
23583.0,0.11695094719747029,-1.4966767986566907,174.09168194715693,Clouds,2.2885778690607586,12.0,767.2250547819267,11.99980972597698,12.0,200.0,171.72986368030763,0.0025591873121168602,-162.09581566172747,18.50332320134331,0.07324039778854471
23584.0,0.1186516893850234,-1.55975904806195,174.1547347739442,Clouds,2.297255221481624,12.0,771.9956073352164,11.999808372309003,12.0,200.0,171.78370472686913,0.0025751001625771933,-162.15889791113273,18.44024095193805,0.07377482559343032
23585.0,0.12036204328091338,-1.6230151124519245,174.21796196263358,Clouds,2.30605858341234,12.0,776.7996632949129,11.999807043812375,12.0,200.0,171.83758871592258,0.002591124768371968,-162.22215397552273,18.376984887548076,0.07431466329868272
23586.0,0.12208149849640831,-1.686433496663366,174.2813520083911,Clouds,2.3149862416931195,12.0,781.636599377566,11.999805740041669,12.0,200.0,171.89150587495146,0.0026072590504513824,-162.28557235973415,18.313566503336634,0.07485989174656442
23587.0,0.12380954985575798,-1.7500030937586328,174.3448937946802,Clouds,2.3240365286723557,12.0,786.5058033872301,11.999804460554788,12.0,200.0,171.94544677279762,0.002623500966749571,-162.34914195682944,18.249996906241368,0.0754104932102206
23588.0,0.1255456978463118,-1.8137131779989129,174.40857658624128,Clouds,2.3332078228556217,12.0,791.4066741277684,11.999803204913253,12.0,200.0,171.99940231199554,0.0026398485118920784,-162.4128520410697,18.186286822001087,0.07596645139012545
23589.0,0.12728944895912614,-1.8775533946325893,174.47239001888877,Clouds,2.342498548949589,12.0,796.3386210782278,11.999801972682588,12.0,200.0,172.05336371855458,0.002656299716113031,-162.47669225770338,18.12244660536741,0.07652775138462689
23589.737,0.12857917564186844,-1.9246810885618366,174.51949829316575,Clouds,2.349421367049627,12.0,799.9930188346298,11.999801079262035,12.0,200.0,172.09313208530406,0.002668489474924115,-162.52381995163262,18.075318911438163,0.07694484081203583
47484.961,0.06875881799268302,0.4248075638129257,172.16995407402834,Clear,0.0,12.0,799.9818217627344,12.000201477120463,12.0,200.0,172.09301051272894,0.0026684521255125587,-160.17433129925786,20.424807563812927,0.07694356129937462
47485.0,0.068710034336183,0.42696238220279326,172.16780024448096,Clear,0.0,12.0,799.7855409567247,12.000201431628453,12.0,200.0,172.09087911104223,0.0026677974032179447,-160.172176480868,20.426962382202795,0.07692113343870384
47486.0,0.06746395004173411,0.4822245127650471,172.11256372172556,Clear,0.0,12.0,794.7679387979028,12.000200253529615,12.0,200.0,172.03621492699153,0.002651060483976228,-160.11691435030573,20.482224512765047,0.07634879473405087
47487.0,0.06622729159508234,0.5375012717126184,172.05731306376805,Clear,0.0,12.0,789.7800509033726,12.000199052734514,12.0,200.0,171.9815313362654,0.0026344226808513393,-160.06163759135816,20.53750127171262,0.07578172750264725
47488.0,0.0650003942780949,0.5927845001540963,172.00205643900787,Clear,0.0,12.0,784.8224499294546,12.000197828805307,12.0,200.0,171.9268364946221,0.002617885904019155,-160.0063543629167,20.592784500154096,0.07521994438575931
47489.0,0.06378359258677446,0.6480657248716584,171.9468023302822,Clear,0.0,12.0,779.8957189675904,12.00019658129902,12.0,200.0,171.87213887088606,0.0026014520984633657,-159.95107313819912,20.64806572487166,0.0746634593961126
47490.0,0.06257722012775019,0.7033361352356025,171.89155955793825,Clear,0.0,12.0,775.0004529877518,12.00019530976814,12.0,200.0,171.8174472698659,0.002585123248790174,-159.8958027278352,20.703336135235602,0.07411228807235651
47491.0,0.06138160884858018,0.7585865896527771,171.83633727338668,Clear,0.0,12.0,770.1372576344795,12.000194013760533,12.0,200.0,171.76277082604975,0.0025689013752123128,-159.840552273418,20.758586589652776,0.07356644733689867
47492.0,0.06019708872273133,0.8138076009280113,171.78114497373076,Clear,0.0,12.0,765.3067499049382,12.000192692819876,12.0,200.0,171.70811901816765,0.0025527885358107914,-159.78533126214276,20.813807600928016,0.07302595556312316
47493.0,0.059023987414912216,0.868989321705591,171.72599251631286,Clear,0.0,12.0,760.5095587939394,12.000191346486215,12.0,200.0,171.65350168367007,0.0025367868286864624,-159.7301495413652,20.86898932170559,0.07249083264279989
47494.0,0.057862629532041465,0.9241215488761143,171.67089011430818,Clear,0.0,12.0,755.7463242825479,12.000189974295932,12.0,200.0,171.5989290144426,0.002520898388586373,-159.6750173141947,20.924121548876116,0.07196109986556826
47495.0,0.05671333635920639,0.9791937049702688,171.6158483553151,Clear,0.0,12.0,751.0176983347592,12.000188575782467,12.0,200.0,171.54441157529092,0.0025051253902283266,-159.6199451581005,20.97919370497027,0.07143678002415124
47496.0,0.0555764092586406,1.034194840607554,171.56087819890422,Clear,0.0,12.0,746.3243440691813,12.000187150476439,12.0,200.0,171.48996030158656,0.002489470045537908,-159.56494402246324,21.034194840607555,0.07091789731768494
47497.0,0.0544521907779027,1.0891136141229112,171.5059909969732,Clear,0.0,12.0,741.6669368942239,12.000185697906485,12.0,200.0,171.43558651950028,0.002473934607435067,-159.51002524894787,21.089113614122912,0.07040447747293577
47498.0,0.053340974977291566,1.1439382901841855,171.4511984951221,Clear,0.0,12.0,737.046164011244,12.000184217599589,12.0,200.0,171.38130194743798,0.0024585213681767937,-159.45520057288658,21.143938290184185,0.06989654768410378
47499.0,0.0522430643504922,1.198656736458735,171.39651283597786,Clear,0.0,12.0,732.4627241051315,12.000182709081496,12.0,200.0,171.32711869940323,0.002443232658325019,-159.40048212661205,21.198656736458737,0.069394136574652
47500.0,0.051158755442250126,1.2532564122329406,171.34194657055951,Clear,0.0,12.0,727.9173277219037,12.000181171877422,12.0,200.0,171.2730492963222,0.0024280708480061354,-159.34588245083785,21.253256412232943,0.0688972742372935
47501.0,0.05008833845234134,1.3077243553679154,171.2875126713036,Clear,0.0,12.0,723.4106977794553,12.0001796055129,12.0,200.0,171.21910667901815,0.0024130383486146785,-159.29141450770285,21.307724355367913,0.0684059922854773
47502.0,0.049032096476371134,1.3620471880442566,171.23322452631402,Clear,0.0,12.0,718.9435685304317,12.000178009514052,12.0,200.0,171.1653042025755,0.0023981376093538407,-159.23709167502653,21.362047188044254,0.06792032373852148
47503.0,0.04799030515848851,1.4162111023384165,171.1790959537637,Clear,0.0,12.0,714.5166862189906,12.000176383408581,12.0,200.0,171.11165565067205,0.002383371119426195,-159.18292776073235,21.41621110233842,0.06744030309162402
47504.0,0.04696323218309284,1.4702018544833704,171.1251412076174,Clear,0.0,12.0,710.1308090252563,12.000174726726538,12.0,200.0,171.05817524130882,0.002368741407848413,-159.12893700858743,21.47020185448337,0.06696596630856587
47505.0,0.04595113662397127,1.524004767640926,171.07137497484746,Clear,0.0,12.0,705.7867063432027,12.000173039000872,12.0,200.0,171.0048776241037,0.0023542510410425425,-159.07513409542986,21.52400476764093,0.06649735074375497
47506.0,0.04495426872406483,1.577604713011858,171.01781239429403,Clear,0.0,12.0,701.4851598365152,12.000171319768793,12.0,200.0,170.9517778990391,0.0023399026263579824,-159.02153415005893,21.57760471301186,0.06603449525496034
47507.0,0.04397286911779902,1.6309861217142996,170.96446904477926,Clear,0.0,12.0,697.2269620301266,12.00016956857211,12.0,200.0,170.89889160472455,0.002325698807373355,-158.9681527413565,21.6309861217143,0.0655774400546778
47508.0,0.043007168667757945,1.68413296524679,170.91136096461,Clear,0.0,12.0,693.0129174586228,12.000167784958803,12.0,200.0,170.84623473777665,0.0023116422677271716,-158.915005897824,21.68413296524679,0.06512622683332911
47509.0,0.04205738776396628,1.7370287665701143,170.85850464048514,Clear,0.0,12.0,688.8438413928457,12.000165968483532,12.0,200.0,170.79382374186042,0.002297735726870239,-158.86211009650066,21.737028766570113,0.06468089862471038
47510.0,0.041123715459228743,1.789656590054106,170.80591701751894,Clear,0.0,12.0,684.7205602898517,12.000164118709,12.0,200.0,170.7416755176605,0.0022839819415665613,-158.80948227301667,21.789656590054104,0.06424149985844439
47511.0,0.04020639048400429,1.8419990402729627,170.75361550042072,Clear,0.0,12.0,680.6439115698919,12.000162235207107,12.0,200.0,170.68980742408272,0.0022703837051494197,-158.75713982279782,21.84199904027296,0.0638080763379898
47512.0,0.03930557966692528,1.8940382693466493,170.7016179461345,Clear,0.0,12.0,676.6147427735742,12.000160317559825,12.0,200.0,170.63823727097815,0.002256943844709977,-158.70510059372413,21.894038269346648,0.06338067515632533
47513.0,0.038421452546660184,1.9457559640247073,170.64994267671585,Clear,0.0,12.0,672.6339123378432,12.000158365360996,12.0,200.0,170.5869833319329,0.002243665223685658,-158.65338289904608,21.94575596402471,0.06295934478293659
47514.0,0.037554183311754905,1.997133360762823,170.59860846424,Clear,0.0,12.0,668.7022882464968,12.00015637821706,12.0,200.0,170.53606432931412,0.0022305507373587656,-158.60200550230797,21.997133360762824,0.06254413492588295
47515.0,0.03670391606210433,2.048151240735637,170.54763453575165,Clear,0.0,12.0,664.8207482888392,12.000154355748744,12.0,200.0,170.4854994391855,0.0022176033137192505,-158.55098762233516,22.04815124073564,0.062135096566163985
47516.0,0.03587078820433515,2.0987899356428303,170.49704056743093,Clear,0.0,12.0,660.9901795377674,12.000152297592383,12.0,200.0,170.43530828552176,0.0022048259117237947,-158.50034892742795,22.09878993564283,0.0617322819091847
47517.0,0.035054924143065956,2.149029332827225,170.4468466794432,Clear,0.0,12.0,657.2114779419003,12.000150203401361,12.0,200.0,170.38551093509278,0.002192221519935302,-158.45010953024357,22.149029332827226,0.061335744350447814
47518.0,0.03425643512955556,2.1988488799111123,170.39707343126807,Clear,0.0,12.0,653.4855480148424,12.000148072847738,12.0,200.0,170.336127892818,0.0021797931554863943,-158.40028998315967,22.19884887991111,0.0609455384500866
47519.0,0.033475419006704164,2.248227599837272,170.34774180663305,Clear,0.0,12.0,649.8133018130123,12.000145905623397,12.0,200.0,170.28718008679672,0.0021675438606698115,-158.3509112632335,22.24822759983727,0.06056171983635392
47520.0,0.032711960312726295,2.2971440875323372,170.29887321680087,Clear,0.0,12.0,646.1956593548398,12.000143701442317,12.0,200.0,170.23868887154197,0.0021554767043367043,-158.30199477553845,22.297144087532338,0.06018434525890176
47521.0,0.03196613002731015,2.345576533293316,170.25048947716203,Clear,0.0,12.0,642.6335471209613,12.000141460041544,12.0,200.0,170.19067600471925,0.002143594776893825,-158.25356232977748,22.34557653329332,0.059813472442828336
47522.0,0.03123798567661198,2.3935027280164407,170.2026128019612,Clear,0.0,12.0,639.1278979844701,12.000139181183245,12.0,200.0,170.1431636418676,0.002131901190070866,-158.20563613505436,22.39350272801644,0.059449160093601114
47523.0,0.030527567237685935,2.440900077387666,170.15526579006942,Clear,0.0,12.0,635.6796505522622,12.000136864656422,12.0,200.0,170.09617432222944,0.002120399074723428,-158.15823878568312,22.440900077387663,0.05909146783998064
47524.0,0.02983491402616435,2.4877456244343312,170.1084714024037,Clear,0.0,12.0,632.2897479849572,12.000134510278246,12.0,200.0,170.04973094627857,0.0021090915768966984,-158.11139323863645,22.487745624434332,0.05874045612513184
47525.0,0.02916003902899607,2.53401605530991,170.06225295608868,Clear,0.0,12.0,628.9591381203112,12.000132117896516,12.0,200.0,170.0038567698552,0.0020979818582371117,-158.06512280776087,22.53401605530991,0.058396186233454314
47526.0,0.02850294666973197,2.5796877304659747,170.0166340932614,Clear,0.0,12.0,625.6887718442773,12.000129687390737,12.0,200.0,169.95857537312546,0.0020870730905587936,-158.01945113260481,22.579687730465974,0.05805872013593044
47527.0,0.027863628577708195,2.6247366992627494,169.97163876641295,Clear,0.0,12.0,622.4796027546083,12.000127218674315,12.0,200.0,169.91391064594225,0.0020763684547214604,-157.97440216380804,22.624736699262748,0.05772812047070273
47528.0,0.02724206386163077,2.669138723349267,169.92729121496984,Clear,0.0,12.0,619.3325862815069,12.000124711696335,12.0,200.0,169.86988676450096,0.002065871137697223,-157.93000013972153,22.669138723349267,0.057404450468914806
47529.0,0.026638219347954198,2.7128693080784383,169.88361593384934,Clear,0.0,12.0,616.2486783373841,12.000122166442926,12.0,200.0,169.82652816001757,0.002055584328066666,-157.88626955499234,22.712869308078435,0.057087773831766456
47530.0,0.026052050103723207,2.755903718883368,169.8406376570278,Clear,0.0,12.0,613.2288351270352,12.000119582939805,12.0,200.0,169.7838595022989,0.0020455112153856623,-157.84323514418742,22.755903718883367,0.056778154728929275
47531.0,0.02548349970514879,2.798217021261817,169.7983813175356,Clear,0.0,12.0,610.2740113876008,12.000116961253228,12.0,200.0,169.74190565990062,0.002035654984314518,-157.800921841809,22.798217021261816,0.056475657634943485
47532.0,0.024932500785320385,2.839784105877352,169.75687202230847,Clear,0.0,12.0,607.3851597787227,12.000114301492191,12.0,200.0,169.7006916750226,0.0020260188125837465,-157.75935475719342,22.839784105877353,0.056180347285895355
47533.0,0.024398975536413993,2.8805797219814138,169.71613501872952,Clear,0.0,12.0,604.5632297832391,12.000111603810074,12.0,200.0,169.66024273014298,0.0020166058673271865,-157.71855914108937,22.880579721981412,0.05589228858651751
47534.0,0.023882836201458223,2.9205785168856875,169.67619565512848,Clear,0.0,12.0,601.8091662894943,12.000108868405949,12.0,200.0,169.62058410864495,0.0020074193003530943,-157.67856034618512,22.920578516885687,0.05561154648355147
47535.0,0.023383985716657042,2.9597550689350802,169.6370793477682,Clear,0.0,12.0,599.1239087213099,12.00010609552646,12.0,200.0,169.58174116186905,0.00199846224524204,-157.6393837941357,22.95975506893508,0.05533818589918138
47536.0,0.022902318314457385,2.9980839281404004,169.59881154018166,Clear,0.0,12.0,596.5083897328561,12.000103285467217,12.0,200.0,169.54373926856445,0.0019897378129934682,-157.60105493493037,22.9980839281404,0.05507227161723238
47537.0,0.022437717536255317,3.0355396572630506,169.56141766205724,Clear,0.0,12.0,593.9635339674361,12.000100438574178,12.0,200.0,169.50660379387855,0.0019812490878854468,-157.56359920580775,23.03553965726305,0.05481386817869116
47538.0,0.021990067709180813,3.07209687352017,169.52492308750266,Clear,0.0,12.0,591.4902568637161,12.000097555245079,12.0,200.0,169.47036004772178,0.0019729991234926805,-157.5270419895506,23.07209687352017,0.05456303978084115
47539.0,0.021559238131783037,3.1077302968706593,169.48935308674098,Clear,0.0,12.0,589.0894631032758,12.000094635930267,12.0,200.0,169.43503323659735,0.0019649909375080935,-157.49140856620014,23.10773029687066,0.05431985014364865
47540.0,0.02114509507806408,3.1424147925754067,169.45473278351986,Clear,0.0,12.0,586.762045529457,12.000091681134114,12.0,200.0,169.40064842109987,0.0019572275081365022,-157.45672407049537,23.14241479257541,0.05408436241999715
47541.0,0.020747499675813713,3.176125420272755,169.4210871060181,Clear,0.0,12.0,584.5088837023283,12.000088691415838,12.0,200.0,169.36723046694465,0.0019497117692744903,-157.42301344279804,23.176125420272754,0.053856639073421184
47542.0,0.02036630869617499,3.2088374821719285,169.3884407386327,Clear,0.0,12.0,582.3308425860042,12.000085667390413,12.0,200.0,169.33480399686596,0.00194244660613178,-157.39030138089885,23.20883748217193,0.053636741766758075
47543.0,0.020001375308534665,3.240526576656956,169.35681806836968,Clear,0.0,12.0,580.2287709416878,12.000082609728823,12.0,200.0,169.30339333714713,0.0019354348498709989,-157.35861228641383,23.240526576656958,0.05342473122256056
47544.0,0.01965254991994835,3.2711686466175802,169.32624313649535,Clear,0.0,12.0,578.2035001315118,12.000079519158875,12.0,200.0,169.27302246936958,0.0019286792736177229,-157.3279702164532,23.27116864661758,0.05322066712579104
47545.0,0.019319680969686562,3.3007400330248036,169.2967395849575,Clear,0.0,12.0,576.2558426242471,12.000076396465362,12.0,200.0,169.24371497696288,0.0019221825874760567,-157.29839883004598,23.300740033024802,0.05302460799459088
47546.0,0.019002615748356957,3.3292175272988627,169.26833060401268,Clear,0.0,12.0,574.3865906244943,12.000073242490284,12.0,200.0,169.21549399294676,0.001915947433956108,-157.26992133577193,23.329217527298862,0.052836611065942944
47547.0,0.018701201177460564,3.356578427614922,169.24103887593233,Clear,0.0,12.0,572.596514478293,12.000070058132318,12.0,200.0,169.18838214377587,0.0019099763826556737,-157.24256043545586,23.35657842761492,0.05265673215647873
47548.0,0.018415284642606593,3.3828005902349996,169.2148865236689,Clear,0.0,12.0,570.8863614304191,12.000066844346902,12.0,200.0,169.16240149810835,0.0019042719261150296,-157.2163382728358,23.382800590235,0.052485025560531154
47549.0,0.018144714777068787,3.407862484516782,169.1898950558624,Clear,0.0,12.0,569.2568541552015,12.00006360214554,12.0,200.0,169.13757351193868,0.0018988364749162618,-157.191276378554,23.407862484516784,0.05232154392369434
47550.0,0.01788934224983212,3.4317432461898885,169.16608531357738,Clear,0.0,12.0,567.708689405398,12.000060332595194,12.0,200.0,169.1139189754482,0.001893672353176403,-157.1673956168809,23.43174324618989,0.05216633812917067
47551.0,0.017649020509248308,3.4544227328372386,169.14347741485244,Clear,0.0,12.0,566.2425365128247,12.000057036816877,12.0,200.0,169.09145795768518,0.0018887817935460695,-157.14471613023355,23.454422732837237,0.0520194571672795
47552.0,0.017423606551015446,3.475881574588462,169.12209070402457,Clear,0.0,12.0,564.8590361822731,12.000053715984834,12.0,200.0,169.07020975598823,0.001884166933186402,-157.12325728848234,23.475881574588463,0.05188094803636244
47553.0,0.017212961637536973,3.4961012262189852,169.10194369966172,Clear,0.0,12.0,563.5587991654844,12.00005037132509,12.0,200.0,169.05019284403298,0.0018798298093459188,-157.1030376368518,23.496101226218986,0.05175085562872869
47554.0,0.017016951973842436,3.515064019726404,169.08305404203543,Clear,0.0,12.0,562.3424048661003,12.000047004113206,12.0,200.0,169.03142481942535,0.0018757723547071364,-157.08407484334438,23.515064019726406,0.051629222610077546
47555.0,0.016835449409935463,3.5327532100716224,169.0654384473999,Clear,0.0,12.0,561.2104003318512,12.000043615673347,12.0,200.0,169.0139223580621,0.0018719963940248665,-157.06638565299917,23.532753210071622,0.05151608933781522
47556.0,0.016668332045310784,3.5491530255026116,169.04911265773342,Clear,0.0,12.0,560.1632988908287,12.000040207375296,12.0,200.0,168.99770116399225,0.001868503639577313,-157.04998583756816,23.54915302550261,0.051411493741166256
47557.0,0.01651548483824798,3.5642487120823296,169.03409139625893,Clear,0.0,12.0,559.2015790855735,12.000036780632211,12.0,200.0,168.98277592502694,0.0018652956876105717,-157.03489015098847,23.564248712082332,0.0513154712319709
47558.0,0.016376800174672596,3.5780265762393415,169.02038832494645,Clear,0.0,12.0,558.325683648098,12.000033336898206,12.0,200.0,168.96916027032933,0.001862374014919675,-157.02111228683145,23.57802657623934,0.05122805461711602
47559.0,0.01625217839883351,3.5904740246598954,169.00801600466917,Clear,0.0,12.0,557.5360185479175,12.00002987766612,12.0,200.0,168.95686673065023,0.001859739975673162,-157.00866483841088,23.590474024659898,0.05114927401897268
47560.0,0.016141528276711125,3.6015796040020054,168.99698585558542,Clear,0.0,12.0,556.8329519481796,12.000026404463117,12.0,200.0,168.94590669880174,0.0018573947979311062,-156.9975592590688,23.60157960400201,0.05107915678371191
47561.0,0.01604476745748029,3.6113330334988754,168.9873081245696,Clear,0.0,12.0,556.2168134952071,12.000022918849096,12.0,200.0,168.93629039714642,0.0018553395812752804,-156.98780582957193,23.611333033498877,0.05101772742315555
47562.0,0.01596182285744345,3.619725237607358,168.9789918526614,Clear,0.0,12.0,555.6878934832256,12.000019422412196,12.0,200.0,168.92802684511878,0.0018535752940229925,-156.97941362546342,23.61972523760736,0.050965007542615584
47563.0,0.015892631015522157,3.626748373458647,168.9720448476781,Clear,0.0,12.0,555.2464422139866,12.000015916765905,12.0,200.0,168.92112383189144,0.0018521027710910148,-156.97239048961214,23.626748373458646,0.050921015786635875
47564.0,0.01583713839338338,3.632395855504491,168.96647365964714,Clear,0.0,12.0,554.8926693941469,12.000012403545433,12.0,200.0,168.9155878918602,0.0018509227119854592,-156.9667430075663,23.63239585550449,0.050885767786942
47565.0,0.015795301633007797,3.636662375802291,168.96228356061198,Clear,0.0,12.0,554.6267436622221,12.00000888440353,12.0,200.0,168.91142428448848,0.0018500356792238652,-156.9624764872685,23.636662375802292,0.05085927612349446
47566.0,0.0157670860117667,3.6395439208723532,168.9594785278483,Clear,0.0,12.0,554.4487921783883,12.000005361007094,12.0,200.0,168.90863697755972,0.0018494420969669234,-156.95959494219844,23.639543920872352,0.05084155028854943
47567.0,0.015752472595090803,3.6410377846357784,168.95806123101127,Clear,0.0,12.0,554.3589003052471,12.000001835033258,12.0,200.0,168.90722863435204,0.0018491422499536231,-156.95810107843502,23.641037784635778,0.05083259665926461
47568.0,0.015752166349705866,3.641069100686876,168.95803302449795,Clear,0.0,12.0,554.3571114574496,11.999998308164985,12.0,200.0,168.90720060601225,0.0018491362829996531,-156.9580697623839,23.641069100686877,0.0508324184857219
47569.0,0.015766227923693577,3.639631613622803,168.95939394243953,Clear,0.0,12.0,554.4434269537685,11.999994782087496,12.0,200.0,168.90855292656155,0.001849424200503965,-156.959507249448,23.639631613622804,0.05084101587796212
47570.0,0.015793891236552095,3.6368063405247626,168.96214269879198,Clear,0.0,12.0,554.6178060269326,11.999991258484114,12.0,200.0,168.91128431298483,0.00185000586648158,-156.96233252254603,23.636806340524764,0.05085838580713459
47571.0,0.015835174928838663,3.632595920503754,168.9662766908772,Clear,0.0,12.0,554.8801658867308,11.999987739032404,12.0,200.0,168.91539216876797,0.0018508810047740787,-156.96654294256703,23.632595920503757,0.050884522109240944
47572.0,0.01589011344668013,3.6270042993310856,168.9717920091387,Clear,0.0,12.0,555.2303820127493,11.999984225399773,12.0,200.0,168.9208725936261,0.00185204920002607,-156.9721345637397,23.627004299331084,0.05091941551263875
47573.0,0.015958749876575824,3.620036718398544,168.97868344810576,Clear,0.0,12.0,555.6682883617203,11.999980719239979,12.0,200.0,168.9277203944515,0.0018535098983768308,-156.97910214467225,23.620036718398545,0.050963053654231004
47574.0,0.016041137487663108,3.6116996985339807,168.98694452249424,Clear,0.0,12.0,556.1936777420302,11.9999772221893,12.0,200.0,168.93592910138307,0.0018552624087095288,-156.98743916453682,23.61169969853398,0.05101542111118844
47575.0,0.016137339499367232,3.602001017593042,168.9965674895242,Clear,0.0,12.0,556.8063024291785,11.999973735862337,12.0,200.0,168.94549099007006,0.0018573059047041754,-156.99713784547777,23.602001017593043,0.05107649945416701
47576.0,0.01624742876189751,3.590949688198808,169.00754337111084,Clear,0.0,12.0,557.5058746244681,11.999970261848846,12.0,200.0,168.95639710382451,0.0018596394263676512,-157.00818917487197,23.590949688198805,0.05114626728635774
47577.0,0.016371487405335457,3.5785559302193755,169.0198619813111,Clear,0.0,12.0,558.2920671057519,11.99996680171023,12.0,200.0,168.96863728101323,0.0018622618822043615,-157.02058293285143,23.578555930219377,0.051224700297857306
47578.0,0.01650960648001161,3.5648311360768474,169.0335119609291,Clear,0.0,12.0,559.1645142003947,11.99996335697562,12.0,200.0,168.98220018957832,0.001865172052461689,-157.03430772699394,23.564831136076847,0.051311771350789875
47579.0,0.01666188545691366,3.5497878423088247,169.048480805908,Clear,0.0,12.0,560.1228122347559,11.999959929139713,12.0,200.0,168.99707335539387,0.0018683685906293074,-157.04935102076195,23.549787842308824,0.051407450514165454
47580.0,0.01682843179725528,3.5334396868954325,169.06475490991875,Clear,0.0,12.0,561.1665207732506,11.999956519658909,12.0,200.0,169.0132432047467,0.0018718500275722433,-157.06569917617537,23.533439686895434,0.051511705172056776
47581.0,0.017009360435392584,3.51580136838258,169.08231960517662,Clear,0.0,12.0,562.2951636382002,11.999953129948548,12.0,200.0,169.03069510506467,0.0018756147749327307,-157.0833374946882,23.515801368382583,0.051624500111939586
47582.0,0.01720479315197961,3.4968886092800626,169.10115919900423,Clear,0.0,12.0,563.5082295580601,11.999949761381114,12.0,200.0,169.0494134014298,0.0018796611272924686,-157.10225025379071,23.496888609280063,0.05174579757443801
47583.0,0.01741485804917508,3.476718103565115,169.12125702625585,Clear,0.0,12.0,564.8051737479068,11.99994641528292,12.0,200.0,169.06938146886222,0.001883987267444556,-157.12242075950567,23.476718103565112,0.05187555739361176
47584.0,0.01763968886089109,3.4553074748372663,169.14259549112987,Clear,0.0,12.0,566.185418732604,11.999943092932625,12.0,200.0,169.0905817540671,0.001888591269139279,-157.14383138823354,23.455307474837266,0.0520137370627663
47585.0,0.017879424335162555,3.4326752226420454,169.1651561207917,Clear,0.0,12.0,567.6483558671599,11.999939795558754,12.0,200.0,169.11299582892389,0.0018934711021554782,-157.16646364042876,23.432675222642047,0.052160291867790344
47586.0,0.018134207502447194,3.4088406754267133,169.18891961238978,Clear,0.0,12.0,569.1933463783131,11.999936524338429,12.0,200.0,169.13660443741696,0.0018986246357749039,-157.1902981876441,23.408840675426713,0.0523151749727966
47587.0,0.01840418496592895,3.383823937620671,169.21386588593992,Clear,0.0,12.0,570.8197227442247,11.999933280395734,12.0,200.0,169.1613875484017,0.0019040496433843732,-157.21531492545012,23.383823937620672,0.05247833753821257
47588.0,0.01868950614133382,3.3576458383043724,169.23997413563262,Clear,0.0,12.0,572.5267899421615,11.999930064800635,12.0,200.0,169.1873244068067,0.0019097438066375957,-157.2414930247664,23.35764583830437,0.05264972882591057
47589.0,0.01899032255401441,3.3303278721198835,169.26722288888908,Clear,0.0,12.0,574.3138271850803,11.999926878567443,12.0,200.0,169.2143935925369,0.0019157047212477916,-157.2688109909509,23.33032787211988,0.05282929635217078
47590.0,0.019306786949741174,3.3018921552733826,169.29559005036134,Clear,0.0,12.0,576.180088665965,11.999923722654954,12.0,200.0,169.2425730644203,0.001921929899470536,-157.2972467077974,23.30189215527338,0.05301698594105038
47591.0,0.019639052592859026,3.272361363021271,169.3250529644173,Clear,0.0,12.0,578.1248055156468,11.9999205979651,12.0,200.0,169.27184022251765,0.0019284167766343435,-157.3267775000495,23.27236136302127,0.053212741899661964
47592.0,0.019987272469810264,3.2417586752099044,169.35558846959356,Clear,0.0,12.0,580.1471872531527,11.999917505342639,12.0,200.0,169.30217196245206,0.0019351627159785074,-157.35738018786088,23.241758675209905,0.05341650714150875
47593.0,0.020351598373919345,3.2101077319297304,169.38717294295475,Clear,0.0,12.0,582.2464225895873,11.999914445575763,12.0,200.0,169.3335447197096,0.0019421650113345657,-157.38903113114105,23.21010773192973,0.053628223245129884
47594.0,0.020732180218581572,3.1774325693873977,169.41978236420397,Clear,0.0,12.0,584.4216815728382,11.999911419395318,12.0,200.0,169.36593453355587,0.0019494208942802632,-157.42170629368337,23.1774325693874,0.05384783064810116
47595.0,0.02112916513787053,3.143757575349066,169.45339236025808,Clear,0.0,12.0,586.6721164811363,11.999908427475644,12.0,200.0,169.39931709154465,0.001956927537120151,-157.4553812877217,23.143757575349063,0.054075268713434876
47596.0,0.021542696782226065,3.109107429179063,169.48797826520615,Clear,0.0,12.0,588.9968637924452,11.999905470434461,12.0,200.0,169.43366778929908,0.0019646820594547616,-157.49003143389172,23.109107429179062,0.05431047590705254
47597.0,0.021972914384739237,3.073507063240652,169.52351515893963,Clear,0.0,12.0,591.3950447847461,11.999902548834305,12.0,200.0,169.46896176910462,0.0019726815301829444,-157.52563179983014,23.07350706324065,0.054553389834983416
47598.0,0.02241995212480304,3.0369816016182503,169.55997792842885,Clear,0.0,12.0,593.8657677215019,11.999899663182454,12.0,200.0,169.5051739809867,0.001980922974791787,-157.56215726145254,23.03698160161825,0.054803947442123406
47599.0,0.022883941118707476,2.9995563209562763,169.59734130691731,Clear,0.0,12.0,596.4081286247689,11.999896813932473,12.0,200.0,169.54227922184955,0.0019894033779354415,-157.59958254211452,22.999556320956277,0.05506208506778171
47600.0,0.02336499760750438,2.96125659501475,169.6355799293761,Clear,0.0,12.0,599.0212132261706,11.999894001484673,12.0,200.0,169.58025219075367,0.0019981196899428694,-157.63788226805605,22.961256595014753,0.05532773862242595
47601.0,0.023863238512125223,2.922107862867602,169.67466836434852,Clear,0.0,12.0,601.7040973944436,11.999891226188103,12.0,200.0,169.6190675207407,0.0020070688282439833,-157.6770310002032,22.9221078628676,0.055600843607808426
47602.0,0.024378770165521486,2.882135572919424,169.71458116994452,Clear,0.0,12.0,604.4558492967714,11.999888488341051,12.0,200.0,169.6586998346282,0.002016247684579081,-157.71700329015135,22.882135572919424,0.055881335316310426
47603.0,0.024911690170618048,2.841365151144336,169.75529292564372,Clear,0.0,12.0,607.2755299974115,11.99988578819299,12.0,200.0,169.69912377677392,0.002025653126995648,-157.75777371192643,22.841365151144334,0.05616914886975963
47604.0,0.025462086902229144,2.7998219520775605,169.79677828132446,Clear,0.0,12.0,610.1621953352932,11.999883125945532,12.0,200.0,169.7403140619335,0.0020352820061113517,-157.79931691099324,22.79982195207756,0.0564642193909449
47605.0,0.026030038737881983,2.757531235262065,169.83901198086713,Clear,0.0,12.0,613.1148961367405,11.999880501754715,12.0,200.0,169.7822454988628,0.0020451311558236083,-157.8416076278087,22.757531235262064,0.0567664820043003
47606.0,0.02661561369140925,2.7145181160244167,169.88196891139722,Clear,0.0,12.0,616.132680305695,11.999877915731895,12.0,200.0,169.824893039367,0.002055197400281814,-157.88462074704637,22.714518116024415,0.057075872030233135
47607.0,0.02721886880016624,2.6708075400449798,169.9256241287607,Clear,0.0,12.0,619.2145933606834,11.999875367945839,12.0,200.0,169.86823180374,0.00206547755567848,-157.92833132302582,22.67080754004498,0.057392325020698125
47608.0,0.027839849686027006,2.626424250035127,169.96995289088153,Clear,0.0,12.0,622.3596796173264,11.999872858424323,12.0,200.0,169.91223711401977,0.0020759684341936525,-157.97271461303566,22.62642425003513,0.05771577686175675
47609.0,0.02847859010455579,2.5813927585453933,170.01493068499397,Clear,0.0,12.0,625.5669830382136,11.999870387156006,12.0,200.0,169.9568845211508,0.0020866668468297943,-158.0177461045254,22.58139275854539,0.0580461638431615
47610.0,0.02913511166034329,2.53573731431288,170.06053326132675,Clear,0.0,12.0,628.835548642459,11.999867954091874,12.0,200.0,170.00214983854153,0.0020975696081135535,-158.0634015487579,22.53573731431288,0.05838342278522474
47611.0,0.029809423391342963,2.4894818832457526,170.10673665216405,Clear,0.0,12.0,632.1644229726086,11.999865559147342,12.0,200.0,170.04800916109298,0.0021086735376532008,-158.10965697982505,22.48948188324575,0.05872749107110467
47612.0,0.030501521518245617,2.442650122994538,170.15351719731083,Clear,0.0,12.0,635.5526551110039,11.99986320220394,12.0,200.0,170.09443889057616,0.002119975463528852,-158.15648874007624,22.44265012299454,0.05907830673468589
47613.0,0.031211393755544804,2.395265361542637,170.20085156554086,Clear,0.0,12.0,638.9992975038571,11.999860883111094,12.0,200.0,170.1414157570096,0.0021314722250412887,-158.20387350152816,22.395265361542638,0.05943580853122228
47614.0,0.03193900140022545,2.3473505799201475,170.2487167719238,Clear,0.0,12.0,642.5034065772162,11.999858601688,12.0,200.0,170.18891683593802,0.0021431606747665953,-158.25178828315063,22.34735057992015,0.05979993598578649
47615.0,0.03268430517850629,2.2989283878578126,170.29709020220332,Clear,0.0,12.0,646.0640439596885,11.999856357725108,12.0,200.0,170.23691957269594,0.0021550376826347264,-158.30021047521296,22.298928387857814,0.060170629507359366
47616.0,0.03344724821735764,2.2500210145303834,170.34594962209752,Clear,0.0,12.0,649.6802766915314,11.999854150986133,12.0,200.0,170.2854017917017,0.0021671001366269575,-158.3491178485404,22.250021014530383,0.060547830395802485
47617.0,0.03422776015181028,2.200650292198668,170.39527319369196,Clear,0.0,12.0,653.351178032861,11.999851981209678,12.0,200.0,170.33434171277725,0.0021793449454717805,-158.39848857087213,22.20065029219867,0.06093148091469708
47618.0,0.035025757131785136,2.150837643714585,170.445039487971,Clear,0.0,12.0,657.075828070317,11.999849848110903,12.0,200.0,170.38371796362784,0.002191769040668518,-158.4483012193562,22.150837643714585,0.06132152434314006
47619.0,0.03584114183610846,2.1006040739504055,170.49522749342594,Clear,0.0,12.0,660.8533141071872,11.999847751383246,12.0,200.0,170.43350958842143,0.002204369377788641,-158.49853478912038,22.100604073950404,0.06171790500447827
47620.0,0.036673803718713885,2.0499701511968014,170.54581663468468,Clear,0.0,12.0,664.6827318840906,11.999845690699706,12.0,200.0,170.4836960662992,0.002217142940547526,-158.549168711874,22.049970151196803,0.062120568385493596
47621.0,0.03752361888275411,1.998956015439822,170.5967867642809,Clear,0.0,12.0,668.5631848454501,11.999843665714952,12.0,200.0,170.53425730323224,0.0022300867383576745,-158.60018284763098,21.998956015439823,0.06252946104866332
47622.0,0.0383904505239575,1.94758135566216,170.6481181853729,Clear,0.0,12.0,672.4937858087931,11.999841676066273,12.0,200.0,170.58517365457251,0.0022431978118968993,-158.65155750740863,21.94758135566216,0.06294453080039374
47623.0,0.03927415506342428,1.895865413917248,170.69979164770882,Clear,0.0,12.0,676.4736566754252,11.99983972137536,12.0,200.0,170.63642592105762,0.002256473232143236,-158.70327344915356,21.895865413917246,0.0633657266512133
47624.0,0.040174558801761955,1.843826981447325,170.75178835153827,Clear,0.0,12.0,680.5019287948116,11.999837801249692,12.0,200.0,170.68799535268997,0.0022699101015903863,-158.75531188162347,21.843826981447325,0.06379299884829481
47625.0,0.04109149282542029,1.7914843864511023,170.80408995986852,Clear,0.0,12.0,684.5777440382617,11.999835915283622,12.0,200.0,170.73986366088621,0.002283505557829149,-158.8076544766197,21.791484386451103,0.06422629898226165
47626.0,0.042024790643251486,1.7388555089934785,170.85667858359318,Clear,0.0,12.0,688.7002538195358,11.999834063060161,12.0,200.0,170.79201300371557,0.002297256770280511,-158.86028335407732,21.738855508993478,0.06466557987759292
47627.0,0.04297421400341872,1.6859577637812986,170.90953679873368,Clear,0.0,12.0,692.8686206589638,11.999832244151746,12.0,200.0,170.8444260029793,0.002311160945412989,-158.9131810992895,21.6859577637813,0.0651107957543892
47628.0,0.04393957429937406,1.6328081099820901,170.9626476366518,Clear,0.0,12.0,697.082017689804,11.999830458121693,12.0,200.0,170.89708573448124,0.002325215325096017,-158.9663307530887,21.63280810998209,0.06556190217058375
47629.0,0.04492065149581126,1.5794230500790742,171.01599458521835,Clear,0.0,12.0,701.3396290572028,11.999828704525289,12.0,200.0,170.94997572915642,0.0023394171879307347,-159.0197158129917,21.579423050079075,0.06601885606193283
47630.0,0.04591721516641878,1.5258186319241664,171.06956158678355,Clear,0.0,12.0,705.6406501054191,11.999826982910866,12.0,200.0,171.00307997102425,0.0023537638498744994,-159.07332023114662,21.525818631924167,0.06648161575929264
47631.0,0.04692902489100598,1.4720104539762975,171.1233330329624,Clear,0.0,12.0,709.9842873426683,11.999825292820882,12.0,200.0,171.05638289198117,0.0023682526641236193,-159.1271284090945,21.472010453976296,0.06695014098119509
47632.0,0.0479558308982142,1.4180136591427046,171.1772937708093,Clear,0.0,12.0,714.3697593591892,11.999823633792662,12.0,200.0,171.10986937787544,0.0023828810241756956,-159.18112520392808,21.418013659142705,0.06742439293388187
47633.0,0.04899737422079603,1.363842955879011,171.23142908174776,Clear,0.0,12.0,718.7962955689825,11.999822005359764,12.0,200.0,171.1635247475764,0.002397646359632511,-159.23529590719176,21.363842955879015,0.06790433417138497
47634.0,0.05005338750421656,1.3095126059843876,171.28572469378443,Clear,0.0,12.0,723.2631376730274,11.9998204070524,12.0,200.0,171.21733476502837,0.0024125461410807983,-159.2896262570864,21.309512605984388,0.06838992875606864
47635.0,0.05112359532048982,1.255036439571922,171.34016676656202,Clear,0.0,12.0,727.7695389415594,11.999818838398518,12.0,200.0,171.27128562438202,0.002427577877698175,-159.34410242349887,21.25503643957192,0.06888114218002434
47636.0,0.052207714719633036,1.2004278583933727,171.39474188805048,Clear,0.0,12.0,732.3147644591515,11.99981729892451,12.0,200.0,171.3253639466571,0.002442739118070647,-159.3987110046774,21.200427858393375,0.06937794139333373
47637.0,0.053305455740699115,1.1456998420280748,171.44943706837321,Clear,0.0,12.0,736.898091153845,11.999815788155942,12.0,200.0,171.37955677356513,0.002458027450289777,-159.45343902104273,21.145699842028076,0.06988029480807498
47638.0,0.05441652192656843,1.0908649544414075,171.50423973326406,Clear,0.0,12.0,741.5188078095044,11.99981430561823,12.0,200.0,171.43385156096127,0.0024734405019938978,-159.50827390862938,21.090864954441408,0.07038817230277875
47639.0,0.05554061078995293,1.035935353326193,171.55913771474044,Clear,0.0,12.0,746.1762148537575,11.99981285083733,12.0,200.0,171.48823616954002,0.0024889759396607555,-159.5632035097446,21.03593535332619,0.07090154520043544
47640.0,0.056677428540514385,0.9809227875180948,171.61411925369617,Clear,0.0,12.0,750.8696251684354,11.999811423340105,12.0,200.0,171.5426988673333,0.0025046314713108473,-159.61821607555268,20.980922787518097,0.07142038636286607
47641.0,0.0578266324957587,0.9258386215467374,171.6691729753708,Clear,0.0,12.0,755.59836260203,11.999810022655272,12.0,200.0,171.59722830534176,0.0025204048415455134,-159.67330024152406,20.92583862154674,0.071944670029045
47642.0,0.058987921338195026,0.87069382619199,171.72428789879606,Clear,0.0,12.0,760.3617633786655,11.999808648313522,12.0,200.0,171.65181352682023,0.0025362938362467596,-159.72844503687878,20.87069382619199,0.07247437197583886
47643.0,0.060160973816094254,0.8154989960945445,171.77945341920025,Clear,0.0,12.0,765.1591752065978,11.999807299848213,12.0,200.0,171.70644394977694,0.0025522962796035308,-159.78363986697624,20.815498996094544,0.07300946942335604
47644.0,0.061345465241644914,0.7602643553088004,171.83465930246342,Clear,0.0,12.0,769.9899574147117,11.999805976795733,12.0,200.0,171.76110936140716,0.0025684100345670195,-159.83887450776197,20.7602643553088,0.07354994105626142
47645.0,0.0625410679799086,0.7049997654083916,171.88989567702112,Clear,0.0,12.0,774.8534808716563,11.999804678695934,12.0,200.0,171.8157999100003,0.0025846330025809266,-159.8941390976624,20.70499976540839,0.07409576702084461
47646.0,0.06374745192822318,0.6497147336845478,171.94515302567345,Clear,0.0,12.0,779.7491278951708,11.999803405092466,12.0,200.0,171.87050609675384,0.002600963123279008,-159.94942412938624,20.649714733684547,0.07464692891959958
47647.0,0.06496428493116413,0.5944184238440299,172.0004221748958,Clear,0.0,12.0,784.676291934742,11.99980215553318,12.0,200.0,171.92521876511194,0.0026173983734265323,-160.0047204392268,20.594418423844026,0.07520340978386002
47648.0,0.06619123345274408,0.539119654559463,172.0556942962909,Clear,0.0,12.0,789.6343783344709,11.999800929570236,12.0,200.0,171.97992910212477,0.0026339367694649305,-160.06001920851133,20.53911965455946,0.07576519416614204
47649.0,0.06742796264443218,0.4838269248524615,172.11096088121877,Clear,0.0,12.0,794.6228026942324,11.999799726760699,12.0,200.0,172.03462861325562,0.0026505763620452132,-160.11531193821833,20.483826924852462,0.0763322679631723
47650.0,0.06867413715399029,0.42854840534472216,172.16621374954426,Clear,0.0,12.0,799.6409922752025,11.99979854666648,12.0,200.0,172.08930913096208,0.002667315240716304,-160.17059045772606,20.428548405344724,0.07690461858218753
47650.069941602,0.06876164138620278,0.42468287168986324,172.170077507339,Clear,0.0,12.0,799.9930718092317,11.99979846496749,12.0,200.0,172.09313266047354,0.0026684896516283663,-160.1744559913809,20.424682871689864,0.07694484686547848
