Times,BER,EbNo,Prop_Loss,Weather,Rain_Loss,EIRP,Range,Rcvd_Frequency,g_over_T,Bandwidth,Free_Space_Loss,Propagation_Delay,Rcvd_Iso_Power,C/No,Atmos Loss
31273.832,0.14415901003582493,-2.4892929079840664,175.08452049787616,Clouds,2.9322562096981586,12.0,799.9879491969838,12.000180039701918,12.0,200.0,172.09307704175797,0.0026684725644331715,-163.08843177105484,17.510707092015934,0.05918724642002064
31274.0,0.14387617082201776,-2.4791011094720656,175.07433394827316,Clouds,2.930338935488659,12.0,799.2328175835222,12.000179798198175,12.0,200.0,172.08487430892654,0.002665953716499173,-163.07823997254286,17.520898890527935,0.059120703857994936
31275.0,0.14219832219276518,-2.418608596789044,175.01387299088867,Clouds,2.9190276086492606,12.0,794.7590890753793,12.000178346324091,12.0,200.0,172.03611820927387,0.0026510309644793644,-163.01774745985983,17.581391403210954,0.05872717296559714
31276.0,0.1405305987158027,-2.358420137273929,174.95371662609716,Clouds,2.9078896706689825,12.0,790.3219412617761,12.000176869619988,12.0,200.0,171.98748892641703,0.002636230232522314,-162.9575590003447,17.641579862726072,0.058338029011141414
31277.0,0.13887346501948955,-2.298546890284673,174.8938760208717,Clouds,2.8969256838417605,12.0,785.9219988468287,12.000175367734927,12.0,200.0,171.9389970495939,0.002621553604416655,-162.89768575335546,17.701453109715327,0.0579532874360612
31278.0,0.13722738863273237,-2.2390003027333885,174.8343626296923,Clouds,2.886136201285189,12.0,781.5598953073672,12.000173840320137,12.0,200.0,171.89065346376535,0.002607003193213644,-162.83813916580417,17.760999697266612,0.05757296464176881
31279.0,0.13559283951677542,-2.179792107859305,174.77518819331482,Clouds,2.875521764134202,12.0,777.2362727121074,12.000172287029171,12.0,200.0,171.84246935120854,0.0025925811406239826,-162.7789309709301,17.820207892140697,0.05719707797209515
31280.0,0.13397028970789693,-2.1209343281690147,174.71636474168542,Clouds,2.8650828994489945,12.0,772.9517818622992,12.000170707519118,12.0,200.0,171.79445619651202,0.0025782896174869722,-162.7200731912398,17.879065671830986,0.056825645724394996
31281.0,0.13236021278517024,-2.0624392721443563,174.6579045906492,Clouds,2.854820116978182,12.0,768.7070819971411,12.000169101450545,12.0,200.0,171.7466257865475,0.0025641308227878808,-162.66157813521514,17.937560727855644,0.05645868712351184
31282.0,0.13076308344739934,-2.0043195349449414,174.59982034263203,Clouds,2.8447339066139095,12.0,764.5028408104226,12.00016746848848,12.0,200.0,171.69899021369534,0.002550106983713455,-162.60345839801573,17.99568046505506,0.056096222322756406
31283.0,0.12917937702013943,-1.9465879965586343,174.54212488477796,Clouds,2.834824735372308,12.0,760.3397343032166,12.00016580830297,12.0,200.0,171.65156187701456,0.0025362203551605577,-162.5457268596294,18.053412003441366,0.055738272391128614
31284.0,0.12760956896156617,-1.889257819823311,174.48483138695707,Clouds,2.825093044345567,12.0,756.2184466500776,12.000164120569769,12.0,200.0,171.60435348330873,0.0025224732192898514,-162.4883966828941,18.11074218017669,0.055384859302775355
31285.0,0.12605413435686152,-1.8323424478755466,174.42795329919832,Clouds,2.8155392455527446,12.0,752.1396700478947,12.000162404971023,12.0,200.0,171.55737804772036,0.002508867885021626,-162.4314813109463,18.167657552124453,0.0550360059251966
31286.0,0.12451354740677034,-1.7758556011590274,174.37150434867988,Clouds,2.806163718719663,12.0,748.1041045581472,12.000160661196132,12.0,200.0,171.51064889395383,0.002495406687509621,-162.37499446422981,18.224144398840973,0.05469173600642299
31287.0,0.12298828088434982,-1.7198112729611097,174.31549853525735,Clouds,2.7969668078337637,12.0,744.1124578705867,12.00015888894212,12.0,200.0,171.46417965326606,0.0024820919873527526,-162.3189501360319,18.28018872703889,0.054352074157530336
31288.0,0.12147880563481483,-1.6642237261439927,174.25995012816318,Clouds,2.787948817916907,12.0,740.1654451782334,12.000157087915102,12.0,200.0,171.41798426440215,0.0024689261701781487,-162.26336258921478,18.33577627385601,0.05401704584412915
31289.0,0.11998559000780085,-1.6091074869246351,174.20487365978255,Clouds,2.779110011360182,12.0,736.2637888716179,12.00015525783046,12.0,200.0,171.37207697105902,0.0024559116456212447,-162.20824634999542,18.390892513075364,0.053686677363345814
31290.0,0.11850909933236198,-1.554477339665362,174.1502839204179,Clouds,2.7704506044752124,12.0,732.4082183331863,12.000153398414051,12.0,200.0,171.32647232011306,0.0024430508466399986,-162.15361620273615,18.445522660334635,0.05336099582965028
31291.0,0.11704979536858834,-1.5003483201577348,174.09619595155482,Clouds,2.761970763872762,12.0,728.5994696549972,12.000151509403041,12.0,200.0,171.28118515852745,0.0024303462285732253,-162.09948718322852,18.499651679842263,0.053040029154602784
31292.0,0.11560812666320797,-1.446735708268031,174.04262503848582,Clouds,2.753670602828764,12.0,724.8382853417248,12.00014959054689,12.0,200.0,171.2362306296306,0.002417800268149924,-162.04587457133883,18.55326429173197,0.052723806026447134
31293.0,0.1141845633759514,-1.3936550200254771,173.98958670238682,Clouds,2.745550177670442,12.0,721.1254140061413,12.000147641607898,12.0,200.0,171.1916241688274,0.0024054154624735136,-161.99279388309628,18.606344979974523,0.0524123558890116
31294.0,0.11277954512841187,-1.3411219984504683,173.9370966911091,Clouds,2.737609484092254,12.0,717.4616100057643,12.000145662362875,12.0,200.0,171.14738149810051,0.002393194327809822,-161.94026086152124,18.65887800154953,0.05210570891634215
31295.0,0.11139351398292574,-1.2891526042838755,173.88517096990228,Clouds,2.7298484536115635,12.0,713.8476331062511,12.00014365260344,12.0,200.0,171.10351862030012,0.0023811393984642906,-161.88829146735463,18.710847395716122,0.051803895990584936
31296.0,0.11002690574833773,-1.237763005283044,173.83382571067986,Clouds,2.7222669499787875,12.0,710.2842480743969,12.000141612137403,12.0,200.0,171.06005181202738,0.00236925322542436,-161.8369018683538,18.762236994716957,0.05150694867369104
31297.0,0.10868014946742804,-1.1869695649899779,173.78307728076692,Clouds,2.7148647657143137,12.0,706.7722242664166,12.000139540789736,12.0,200.0,171.01699761587295,0.0023575383749861265,-161.78610842806077,18.813030435010024,0.05121489917964766
31298.0,0.10735366691590803,-1.1367888306313507,173.7329422307771,Clouds,2.7076416187481027,12.0,703.3123351865368,12.000137438403604,12.0,200.0,170.97437283168318,0.0023459974272819657,-161.73592769370214,18.86321116936865,0.05092778034581526
31299.0,0.10604787210815025,-1.0872375198764856,173.68343728134565,Clouds,2.700597149158158,12.0,699.9053579967159,12.00013530484154,12.0,200.0,170.93219450658898,0.0023346329746451325,-161.68637638294726,18.91276248012351,0.05064562559849547
31300.0,0.10476317085267495,-1.0383325080005676,173.6345793102757,Clouds,2.693730916262557,12.0,696.5520730837459,12.000133139986204,12.0,200.0,170.89047992508713,0.002323447620165768,-161.63747137107137,18.96166749199943,0.05036846892600966
31301.0,0.10349996029353642,-0.9900908129562547,173.5863853375821,Clouds,2.6870423957402076,12.0,693.2532635092855,12.000130943741677,12.0,200.0,170.8492465970005,0.002312443975856409,-161.58922967602703,19.009909187043746,0.050096344841426076
31302.0,0.1022586284381033,-0.9425295782675819,173.5388725083513,Clouds,2.6805309768274643,12.0,690.0097143374284,12.000128716035016,12.0,200.0,170.80851224318798,0.0023016246604089965,-161.54166844133837,19.05747042173242,0.04982928833582479
31303.0,0.10103955386320035,-0.8956660610350482,173.4920580807471,Clouds,2.6741959606242647,12.0,686.8222123389619,12.000126456816236,12.0,200.0,170.768294785259,0.002290992298208389,-161.49480492410584,19.104333938964952,0.049567334863817286
31304.0,0.0998431052351984,-0.8495176110470088,173.44595940507412,Clouds,2.6680365576239544,12.0,683.691545106748,12.000124166060509,12.0,200.0,170.72861232717014,0.0022805495163815896,-161.4486564741178,19.15048238895299,0.0493105202800134
31305.0,0.09866964100440312,-0.8041016547197344,173.40059390770324,Clouds,2.662051886402519,12.0,680.6185005251864,12.000121843768836,12.0,200.0,170.68948314049425,0.002270298943028068,-161.40324051779055,19.195898345280263,0.049058880806502725
31306.0,0.0975195091249455,-0.7594356781626419,173.35597907411895,Clouds,2.6562409727118306,12.0,677.6038661966405,12.000119489968887,12.0,200.0,170.6509256484116,0.002260243205306521,-161.35857454123342,19.240564321837358,0.04881245299555963
31307.0,0.09639304673532817,-0.7155372067960366,173.31213242850612,Clouds,2.6506027486896784,12.0,674.6484286488908,12.000117104716406,12.0,200.0,170.6129584061395,0.002250384926791223,-161.31467606986683,19.284462793203964,0.04857127367693968
31308.0,0.09529057992779877,-0.6724237864468662,173.2690715148254,Clouds,2.6451360528828416,12.0,671.7529726571681,12.000114688096165,12.0,200.0,170.5756000820296,0.0022407267252105728,-161.27156264951765,19.327576213553137,0.04833537991294341
31309.0,0.09421242352260434,-0.6301129626570107,173.22681387609717,Clouds,2.639839630701824,12.0,668.9182804547924,12.000112240223082,12.0,200.0,170.53886943644858,0.002231271209814065,-161.22925182572777,19.36988703734299,0.048104808946770876
31310.0,0.09315888097676794,-0.5886222632834514,173.18537703698954,Clouds,2.6347121359724635,12.0,666.1451311729211,12.000109761242781,12.0,200.0,170.50278530284862,0.0022220209795034973,-161.18776112635425,19.41137773671655,0.047879598168432576
31311.0,0.09213024412091009,-0.5479691723575997,173.1447784776396,Clouds,2.629752132131134,12.0,663.4342996957954,12.000107251333347,12.0,200.0,170.4673665604738,0.0022129786190144764,-161.14710803542837,19.452030827642403,0.047659785034679644
31312.0,0.09112679320902661,-0.5081711142837141,173.10503561784944,Clouds,2.6249580954626333,12.0,660.7865562127945,12.000104710705449,12.0,200.0,170.4326321153417,0.0022041466974222364,-161.10730997735453,19.491828885716284,0.04744540704510615
31313.0,0.09014879679327692,-0.4692454292199514,173.06616579243823,Clouds,2.6203284180288278,12.0,658.2026651760351,12.000102139603655,12.0,200.0,170.39860087273837,0.002195527764664564,-161.06838429229074,19.530754570780047,0.04723650167102328
31314.0,0.08919651171383719,-0.43120935108153785,173.02818622922706,Clouds,2.6158614117373977,12.0,655.6833844304581,12.000099538307294,12.0,200.0,170.3652917111915,0.0021871243486400785,-161.03034821415233,19.568790648918462,0.04703310629819869
31315.0,0.08827018320866348,-0.3940799884908507,172.99111402998122,Clouds,2.611555313559598,12.0,653.2294645331245,12.000096907130823,12.0,200.0,170.33272345823593,0.0021789389529376507,-160.99321885156166,19.60592001150915,0.046835258185688566
31316.0,0.0873700449481083,-0.3578743009626945,172.95496614657435,Clouds,2.6074082909960468,12.0,650.8416477456159,12.00009424642478,12.0,200.0,170.30091486118027,0.0021709740534754077,-160.9570131640335,19.642125699037305,0.04664299439803496
31317.0,0.08649631903917754,-0.32260907210509887,172.91975935416528,Clouds,2.6034184480300993,12.0,648.5206668202338,12.00009155657691,12.0,200.0,170.26988455441352,0.002163232094451935,-160.9217479351759,19.6773909278949,0.04645635172166942
31318.0,0.08564921645624551,-0.28830089839556916,172.8855102399892,Clouds,2.5995838336236905,12.0,646.2672448058073,12.000088838011473,12.0,200.0,170.23965103970232,0.0021557154876985177,-160.88743976146634,19.71169910160443,0.046275366663165354
31319.0,0.08482893693089683,-0.25496615463697087,172.85223516877397,Clouds,2.5959024483154907,12.0,644.0820932984669,12.000086091191069,12.0,200.0,170.2102326451353,0.0021484266068443484,-160.85410501770778,19.74503384536303,0.04610007532318246
31320.0,0.08403566944014723,-0.22262098218427628,172.81995027098307,Clouds,2.592372254082338,12.0,641.9659121860674,12.0000833166159,12.0,200.0,170.18164750351116,0.0021413677864640193,-160.82175984525506,19.777379017815726,0.04593051338958615
31321.0,0.08326959222626068,-0.19128125689386072,172.7886714107366,Clouds,2.588991182575736,12.0,639.9193880454078,12.000080514825065,12.0,200.0,170.15391351213674,0.002134541316731216,-160.79042011996464,19.80871874310614,0.045766716024151194
31322.0,0.08253087326996889,-0.16096257435401579,172.75841417105522,Clouds,2.585757145813604,12.0,637.943193669169,12.000077686395962,12.0,200.0,170.1270483074034,0.0021279494418407585,-160.7601014374248,19.839037425645984,0.04560871783823013
31323.0,0.08181967061849599,-0.13168022825183984,172.72919383222475,Clouds,2.582668046551558,12.0,636.0379871334046,12.000074831944378,12.0,200.0,170.10106923284044,0.0021215943568980798,-160.73081909132264,19.86831977174816,0.045456552832733664
31324.0,0.08113612019205113,-0.10344917970199403,172.70102534110933,Clouds,2.579721788055362,12.0,634.2044102734967,12.000071952125225,12.0,200.0,170.07599329876336,0.0021154782028355657,-160.70258804277276,19.896550820298007,0.04531025429063096
31325.0,0.08048038491990905,-0.07628404503188888,172.6739232989596,Clouds,2.576916286038867,12.0,632.4430883690911,12.000069047631479,12.0,200.0,170.0518371581549,0.0021096030653616083,-160.67542290810266,19.92371595496811,0.045169854765846076
31326.0,0.07985258328234313,-0.050199067958072656,172.64790193358365,Clouds,2.5742494790275483,12.0,630.7546288147748,12.00006611919444,12.0,200.0,170.0286170685651,0.002103970970526466,-160.64933793102884,19.949800932041928,0.04503538599099066
31327.0,0.07925283673804911,-0.025208097129269892,172.62297507689846,Clouds,2.571719339223317,12.0,629.1396201545259,12.000063167583333,12.0,200.0,170.0063488588606,0.002098583881501535,-160.62434696020006,19.97479190287073,0.04490687881453119
31328.0,0.0786812586370585,-0.0013245687371962996,172.59915614756065,Clouds,2.56932388364742,12.0,627.5986314616696,12.000060193604412,12.0,200.0,169.98504790074847,0.002093443696511103,-160.60046343180798,19.998675431262804,0.04478436316474362
31329.0,0.07813795448259087,0.02143852068782082,172.5764581237674,Clouds,2.5670611838981587,12.0,626.1322111034207,12.000057198100713,12.0,200.0,169.96472907190454,0.0020885522447113085,-160.57770034238297,20.02143852068782,0.044667867964697065
31330.0,0.07762302233883234,0.04306863527901516,172.5548935222743,Clouds,2.564929375996493,12.0,624.7408859364915,12.000054181951132,12.0,200.0,169.94540672519662,0.0020839112835069774,-160.5560702277918,20.043068635279017,0.044557421081198346
31331.0,0.07713655318934809,0.06355372256542102,172.53447437568235,Clouds,2.5629266693621617,12.0,623.425160421765,12.00005114606955,12.0,200.0,169.92709465705278,0.0020795224955984883,-160.53558514050536,20.063553722565423,0.04445304926740909
31332.0,0.07667863123348406,0.08288223831373423,172.51521220761572,Clouds,2.561051354747618,12.0,622.1855156386257,12.000048091403926,12.0,200.0,169.90980607477178,0.0020753874856939388,-160.51625662475703,20.082882238313733,0.04435477809634436
31333.0,0.07624933434311337,0.1010431639068487,172.4971180153771,Clouds,2.559301811939619,12.0,621.0224088179901,12.000045018934742,12.0,200.0,169.89355357150157,0.0020715077789514977,-160.49809569916394,20.101043163906848,0.04426263193595513
31334.0,0.07584873422847865,0.11802603510740978,172.4802022412034,Clouds,2.5576765153028953,12.0,619.9362721782559,12.00004192967413,12.0,200.0,169.87834909203252,0.002067884817096552,-160.4811128279634,20.11802603510741,0.04417663386799636
31335.0,0.07547689670441937,0.13382096554989198,172.46447474880452,Clouds,2.55617403870961,12.0,618.9275121395451,12.000038824664436,12.0,200.0,169.86420390445835,0.0020645199558007067,-160.46531789752092,20.133820965549894,0.044096805636534134
31336.0,0.07513388212930988,0.14841866161083492,172.4499448085375,Clouds,2.554793060119466,12.0,617.9965091238004,12.000035704976197,12.0,200.0,169.85112858077554,0.00206141446401497,-160.45072020145994,20.148418661610833,0.04402316764249556
31337.0,0.07481974522518553,0.16181046214189482,172.4366210576867,Clouds,2.5535323626314463,12.0,617.1436157848957,12.000032571707523,12.0,200.0,169.83913295624222,0.002058569518066047,-160.4373284009289,20.161810462141894,0.043955738813043044
31338.0,0.07453453581123537,0.17398833770063626,172.4245115013025,Clouds,2.5523908382080016,12.0,616.3691578592812,12.00002942598091,12.0,200.0,169.8282261264163,0.002055986204493781,-160.42515052537016,20.173988337700635,0.043894536678185575
31339.0,0.07427829845653139,0.18494493398860534,172.41362346877543,Clouds,2.551367486170004,12.0,615.6734321864856,12.000026268942674,12.0,200.0,169.8184164053833,0.002053665513448259,-160.41419392908216,20.184944933988604,0.04383957722217399
31340.0,0.07405107280338707,0.19467358474244909,172.4039636009991,Clouds,2.5504614135795105,12.0,615.0567066876334,12.000023101760464,12.0,200.0,169.80971131252954,0.0020516083386181564,-160.40446527832836,20.19467358474245,0.0437908748900772
31341.0,0.07385289378064802,0.20316832709883756,172.3955378350553,Clouds,2.549671834524853,12.0,614.519220165389,12.000019925620967,12.0,200.0,169.80211755795193,0.0020498154765634198,-160.39597053597194,20.20316832709884,0.04374844257851707
31342.0,0.0736837914647081,0.2104239297156406,172.3883513761287,Clouds,2.5489980675358,12.0,614.0611812537711,12.000016741728249,12.0,200.0,169.7956410170337,0.002048287623212226,-160.38871493335512,20.210423929715642,0.04371229155922125
31343.0,0.07354379141704759,0.21643589798322638,172.38240869235725,Clouds,2.5484395345772293,12.0,613.6827687847169,12.000013551300926,12.0,200.0,169.7902867262667,0.0020470253750837085,-160.38270296508756,20.216435897983228,0.043682431513331926
31344.0,0.07343291432708643,0.22120050640914002,172.37771348247776,Clouds,2.547995757198284,12.0,613.3841303507336,12.000010355570769,12.0,200.0,169.78605885485675,0.002046029224493478,-160.37793835666164,20.22120050640914,0.04365887042273544
31345.0,0.07335117644007505,0.22471479454698212,172.37426867996754,Clouds,2.5476663558451094,12.0,613.1653831171615,12.00000715577945,12.0,200.0,169.78296070948434,0.002045299562263042,-160.3744240685238,20.22471479454698,0.04364161463808996
31346.0,0.0732985892837672,0.2269765901694246,172.37207642990904,Clouds,2.547451046669795,12.0,613.026612796589,12.00000395317682,12.0,200.0,169.78099471443838,0.002044836674298821,-160.3721622729014,20.22697659016942,0.04363066880083309
31347.0,0.07327515997983786,0.22798450435611603,172.3711380939683,Clouds,2.5473496410276146,12.0,612.9678743103462,12.000000749017847,12.0,200.0,169.78016241704265,0.0020446407437986524,-160.37115435871468,20.227984504356115,0.04362603589805495
31348.0,0.07328336959903547,0.22763131686466556,172.37145422669894,Clouds,2.5473620426177233,12.0,612.9891905022116,11.999997544561026,12.0,200.0,169.78046446691923,0.0020447118469611785,-160.37150754620612,20.227631316864667,0.04362771716198573
31349.0,0.07332149356514611,0.22599138730234045,172.37302459181927,Clouds,2.547488248575175,12.0,613.0905532790482,11.999994341065069,12.0,200.0,169.7819006310831,0.0020450499567906013,-160.37314747576843,20.22599138730234,0.043635712160999846
31350.0,0.07338876922667276,0.22309831234472816,172.37584814938464,Clouds,2.5477283482814506,12.0,613.2719227669492,11.999991139787053,12.0,200.0,169.78446978237054,0.0020456549402818837,-160.37604055072606,20.223098312344728,0.043650018732663914
31351.0,0.07348518557039102,0.2189539481277292,172.37992307046053,Clouds,2.5480825250321324,12.0,613.5332280954709,11.999987941979462,12.0,200.0,169.78816991238403,0.002046526561036672,-160.38018491494307,20.21895394812773,0.043670633044386856
31352.0,0.0736107269065866,0.21356094149316884,172.38524673526388,Clouds,2.54855105650568,12.0,613.8743670047621,11.99998474888814,12.0,200.0,169.7929981291972,0.002047664477952818,-160.3855779215776,20.213560941493167,0.04369754956097882
31353.0,0.0737653729141029,0.20692271795388778,172.39181574514276,Clouds,2.549134316717623,12.0,614.2952062202307,11.99998156174974,12.0,200.0,169.7989506673543,0.002049068246474135,-160.3922161451169,20.206922717953887,0.0437307610708356
31354.0,0.07394909861356141,0.19904346983650673,172.39962593438258,Clouds,2.5498327780575663,12.0,614.7955817115984,11.999978381789377,12.0,200.0,169.8060228976214,0.002050737319454509,-160.40009539323427,20.199043469836507,0.043770258703595064
31355.0,0.07416187425820281,0.18992814514057427,172.40867238129908,Clouds,2.5506470132129637,12.0,615.3752988142209,11.999975210218423,12.0,200.0,169.8142093361514,0.00205267104756258,-160.40921071793022,20.189928145140573,0.04381603193471175
31356.0,0.07440366549483873,0.17958242213210823,172.41894943358858,Clouds,2.5515776981839897,12.0,616.0341331850158,11.999972048231923,12.0,200.0,169.82350366674822,0.0020548686824703767,-160.41955644093866,20.17958242213211,0.04386806865635571
31357.0,0.07467443301157872,0.1680127033678143,172.43045071426587,Clouds,2.5526256131315006,12.0,616.7718304553724,11.99996889700685,12.0,200.0,169.83389874599084,0.0020573293756955434,-160.43112615970298,20.168012703367815,0.04392635514352239
31358.0,0.07497413281175547,0.15522608051703193,172.44316915678513,Clouds,2.5537916453486895,12.0,617.5881077065465,11.99996575769948,12.0,200.0,169.8453866352719,0.00206005218352273,-160.44391278255375,20.155226080517032,0.043990876164522776
31359.0,0.07530271558699242,0.1412303354273011,172.457097003947,Clouds,2.555076788149184,12.0,618.482652597111,11.999962631444136,12.0,200.0,169.85795860089354,0.0020630360640930836,-160.4579085276435,20.141230335427302,0.04406161490430131
31360.0,0.07566012709635694,0.12603389615771743,172.47222585180734,Clouds,2.556482143057065,12.0,619.4551253594644,11.99995951935051,12.0,200.0,169.87160515563602,0.0020662798840638762,-160.47310496691307,20.126033896157715,0.04413855311422765
31361.0,0.07604630762693448,0.10964583030173944,172.48854665632635,Clouds,2.558008917538471,12.0,620.5051584082432,11.9999564225024,12.0,200.0,169.8863160677153,0.0020697824173023164,-160.48949303276908,20.109645830301737,0.04422167107256205
31362.0,0.07646119218416464,0.0920758055487706,172.5060497727591,Clouds,2.5596584247136986,12.0,621.6323580624393,11.999953341955479,12.0,200.0,169.9020804003341,0.002073542350629912,-160.507063057522,20.09207580554877,0.044310947711292265
31363.0,0.07690470972441094,0.07333408936126166,172.52472495595953,Clouds,2.5614320782372113,12.0,622.8363037769611,11.99995027873645,12.0,200.0,169.9188865171769,0.0020775582812592344,-160.52580477370952,20.073334089361264,0.044406360545412304
31364.0,0.07737678344972893,0.05343150228608617,172.54456140702132,Clouds,2.5633313904059065,12.0,624.1165503835376,11.999947233840837,12.0,200.0,169.9367221307759,0.002081828724268766,-160.54570736078472,20.053431502286085,0.044507885839501174
31365.0,0.07787733013489578,0.032379411097335414,172.56554778011716,Clouds,2.565357965339415,12.0,625.4726278050184,11.999944208232172,12.0,200.0,169.95557431620324,0.002086352111649915,-160.56675945197344,20.032379411097338,0.044615498574475415
31366.0,0.07840626022887998,0.010189688302272185,172.58767222295532,Clouds,2.5675134942932054,12.0,626.9040429746078,11.999941202840269,12.0,200.0,169.97542955607383,0.0020911267987088846,-160.58894917476852,20.010189688302273,0.04472917258828536
31367.0,0.07896347695636491,-0.013125287067118654,172.6109223759795,Clouds,2.5697997459386297,12.0,628.4102791297812,11.999938218560825,12.0,200.0,169.9962737495336,0.0020961510617114364,-160.61226415013792,19.98687471293288,0.04484888050729
31368.0,0.0795488765496647,-0.037552676725155366,172.6352854196041,Clouds,2.5722185604293495,12.0,629.9907982468234,11.99993525625379,12.0,200.0,170.01809226524676,0.002101423106003632,-160.63669153979592,19.962447323274844,0.044974593927987756
31369.0,0.08016234747534245,-0.06307918862870221,172.6607480797025,Clouds,2.5747718385721647,12.0,631.6450408124123,11.999932316742994,12.0,200.0,170.04086995774514,0.002106941065249921,-160.66221805169948,19.936920811371298,0.04510628338516255
31370.0,0.08080377049199439,-0.08969111740939006,172.68729666801391,Clouds,2.577461533837057,12.0,633.3724278883308,11.999929400814992,12.0,200.0,170.06459121567292,0.0021127030083202786,-160.6888299804802,19.91030888259061,0.045243918503927553
31371.0,0.0814730176763988,-0.11737434191600839,172.71491707968772,Clouds,2.58028963953974,12.0,635.1723604209911,11.999926509219142,12.0,200.0,170.0892399722175,0.002118706936987024,-160.71651320498682,19.88262565808399,0.04538746793045497
31372.0,0.08216996387660375,-0.14611437264907107,172.74359484069348,Clouds,2.5832581807473836,12.0,637.0442218124298,11.999923642666497,12.0,200.0,170.11479976042244,0.0021249507945007404,-160.74525323571987,19.85388562735093,0.045536899523651905
31373.0,0.08289444030830562,-0.17589635603853687,172.77331511210207,Clouds,2.5863692016059394,12.0,638.9873777035862,11.99992080182995,12.0,200.0,170.14125373017214,0.0021314324648673655,-160.77503521910933,19.824103643961465,0.045692180323968205
31374.0,0.08364630413118357,-0.2067051149389022,172.80406273056605,Clouds,2.5896247563911627,12.0,641.0011781285592,11.999917987343574,12.0,200.0,170.16858469746379,0.0021381497800340237,-160.8058439780097,19.793294885061098,0.04585327671111815
31375.0,0.08442539041233033,-0.2385251449928507,172.8358222046953,Clouds,2.5930268960301186,12.0,643.0849567934761,11.999915199803164,12.0,200.0,170.19677515433276,0.002145100517483585,-160.83766400806365,19.761474855007148,0.04602015433243233
31376.0,0.08523152438565829,-0.2713406626361011,172.8685777630484,Clouds,2.596577660341021,12.0,645.2380337324877,11.999912439765625,12.0,200.0,170.2258073244066,0.00215228240909412,-160.87047952570688,19.728659337363897,0.046192778300785116
31377.0,0.08606452069638532,-0.3051356086520058,172.90231335769985,Clouds,2.6002790659170403,12.0,647.4597150536982,11.999909707749564,12.0,200.0,170.25566317862268,0.002159693140291402,-160.90427447172277,19.694864391347995,0.04637111316014522
31378.0,0.08692418359055337,-0.33989368916420354,172.93701270522863,Clouds,2.6041330985442137,12.0,649.7492951361071,11.999907004235096,12.0,200.0,170.28632448363692,0.0021673303573771265,-160.93903255223498,19.660106310835797,0.04655512304750249
31379.0,0.08781030601681084,-0.37559837127986795,172.97265928238085,Clouds,2.6081417011912498,12.0,652.1060558355629,11.999904329664739,12.0,200.0,170.31777280957533,0.0021751916648802515,-160.97473723435064,19.624401628720133,0.04674477161424952
31380.0,0.0887226700719772,-0.412232931809174,173.00923637478616,Clouds,2.612306768537521,12.0,654.5292691758827,11.999901684443289,12.0,200.0,170.34998958402,0.002183274634533611,-161.01137179487995,19.58776706819083,0.04694002222863102
31381.0,0.08966104645112455,-0.44978046422403467,173.0467270839347,Clouds,2.616630137563737,12.0,657.0181972792147,11.999899068938646,12.0,200.0,170.38295610841516,0.002191576805041622,-161.04891932729484,19.550219535775966,0.04714083795582364
31382.0,0.09062519440407196,-0.48822390453678044,173.08511435306656,Clouds,2.621113581004776,12.0,659.5720935316629,11.99989648348232,12.0,200.0,170.4166535904239,0.0022000956859684,-161.08736276760754,19.51177609546322,0.047347181637869266
31383.0,0.09161486153901383,-0.5275460493932825,173.124380985281,Clouds,2.6257588006853094,12.0,662.1902032233274,11.999893928370184,12.0,200.0,170.4510631686645,0.0022088287598726964,-161.12668491246407,19.472453950606717,0.0475590159311844
31384.0,0.09262978405994537,-0.5677295896685062,173.1645096771429,Clouds,2.630567423506119,12.0,664.8717652114033,11.999891403862959,12.0,200.0,170.48616595020934,0.002217773487855399,-161.1668684527393,19.432270410331494,0.04777630342741185
31385.0,0.09366968645756868,-0.6087571204962242,173.205483028735,Clouds,2.63554099545517,12.0,667.6160120084564,11.99988891018727,12.0,200.0,170.5219430266327,0.0022269273098539937,-161.20789598356703,19.391242879503775,0.047999006647110216
31386.0,0.09473428163153369,-0.6506111666197059,173.2472835690247,Clouds,2.6406809782260323,12.0,670.4221708830213,11.999886447536381,12.0,200.0,170.5583755026831,0.002236287648313759,-161.2497500296905,19.349388833380296,0.048227088115557926
31387.0,0.09582327085551434,-0.6932741996175079,173.28989377311134,Clouds,2.645988745641679,12.0,673.2894644143614,11.999884016071192,12.0,200.0,170.59544451707507,0.0022458519100382484,-161.2924130626883,19.30672580038249,0.04846051039462593
31388.0,0.09693634429070352,-0.7367286746549266,173.33329609899224,Clouds,2.651465583304361,12.0,676.2171123603882,11.999881615920902,12.0,200.0,170.63313127946557,0.0022556174924200003,-161.33586753772573,19.263271325345073,0.048699236222283754
31389.0,0.09807318042216873,-0.7809570231203006,173.3774729802299,Clouds,2.657112683455866,12.0,679.2043305599386,11.999879247184454,12.0,200.0,170.67141706836324,0.002265581779778925,-161.3800958861911,19.2190429768797,0.04894322841077096
31390.0,0.09923344695790703,-0.8259417004892169,173.42240687382886,Clouds,2.662931147499616,12.0,682.2503335580062,11.999876909931096,12.0,200.0,170.7102832762811,0.002275742152119138,-161.42508056356002,19.174058299510783,0.04919245004814239
31391.0,0.10041680064578512,-0.8716651899193328,173.4680802638582,Clouds,2.6689219836199225,12.0,685.3543342578153,11.999874604201674,12.0,200.0,170.7497114157793,0.0022860959839684,-161.4708040529901,19.128334810080666,0.04944686445901271
31392.0,0.1016228875303915,-0.9181100211380169,173.51447568036238,Clouds,2.6750861069350504,12.0,688.5155446106802,11.999872330009683,12.0,200.0,170.7896831381786,0.0022966406466792444,-161.5172488842088,19.081889978861984,0.04970643524870895
31393.0,0.10285134356207631,-0.9652588009061981,173.5615757298445,Clouds,2.6814243418244383,12.0,691.7331771109401,11.99987008734219,12.0,200.0,170.83018026160437,0.002307373513415538,-161.564397663977,19.0347411990938,0.049971126415675686
31394.0,0.10410179471763814,-1.0130942227078927,173.60936310498207,Clouds,2.6879374220854397,12.0,695.0064448972912,11.999867876161012,12.0,200.0,170.87118478054754,0.002318291959490493,-161.61223308577866,18.986905777292108,0.0502409023490578
31395.0,0.10537385703750424,-1.0615990715798558,173.657820589484,Clouds,2.6946259908471637,12.0,698.3345615313171,11.999865696404001,12.0,200.0,170.91267887083654,0.0023293933616279207,-161.66073793465063,18.938400928420144,0.05051572780031457
31396.0,0.1066671375401973,-1.1107562606784132,173.70693109467535,Clouds,2.701490605317112,12.0,701.7167429704335,11.99986354798585,12.0,200.0,170.95464492132214,0.002340675104543269,-161.7098951237492,18.889243739321586,0.05079556803606015
31397.0,0.10798123464019438,-1.1605488469474134,173.75667767518908,Clouds,2.708531739187353,12.0,705.1522081439279,11.999861430799204,12.0,200.0,170.99706554712523,0.0023521345828650827,-161.7596877100182,18.839451153052586,0.0510803888765048
31398.0,0.10931573804640748,-1.2109600255415056,173.80704352341894,Clouds,2.7157497823704615,12.0,708.6401780828846,11.999859344716016,12.0,200.0,171.0399235844336,0.0023637691982327474,-161.8100988886123,18.789039974458493,0.05137015661489802
31399.0,0.11067022953812167,-1.2619731560315866,173.85801199574473,Clouds,2.7231450455334816,12.0,712.1798772620535,11.999857289588462,12.0,200.0,171.08320211209107,0.0023755763637724786,-161.86111201910236,18.738026843968413,0.05166483812018524
31400.0,0.11204428366007846,-1.3135717838505834,173.90956663399953,Clouds,2.730717764375588,12.0,715.7705346532246,11.999855265249929,12.0,200.0,171.12688446870737,0.0023875535076110037,-161.91271064692137,18.686428216149416,0.051964400916551245
31401.0,0.11343746788961873,-1.3657396404363864,173.96169116563863,Clouds,2.7384681010917005,12.0,719.4113833290282,11.999853271516209,12.0,200.0,171.17095425140343,0.0023996980715539824,-161.96487850350718,18.634260359563612,0.05226881314347034
31402.0,0.11484934325122598,-1.4184606589330082,174.01436951946243,Clouds,2.74639614831964,12.0,723.1016611734725,11.999851308186509,12.0,200.0,171.2153953275348,0.002412007513456101,-162.0175995220038,18.581539341066993,0.05257804360797613
31403.0,0.11627946472371875,-1.4717189808651956,174.0675858323141,Clouds,2.754501931971122,12.0,726.8406109939135,11.999849375044494,12.0,200.0,171.26019183855607,0.0024244793075945677,-162.07085784393598,18.528281019134806,0.05289206178691982
31404.0,0.11772738996787824,-1.5254989825855236,174.12132447554453,Clouds,2.7627854172892166,12.0,730.627482053711,11.999847471859132,12.0,200.0,171.30532822030472,0.002437110949781502,-162.1246378456563,18.474501017414475,0.05321083795058198
31405.0,0.1191926472468276,-1.5797852556791414,174.17557003544505,Clouds,2.771246508014725,12.0,734.4615284009103,11.999845598385969,12.0,200.0,171.35078918441448,0.002449899951789015,-162.17892411874993,18.42021474432086,0.05353434301587175
31406.0,0.1206747857896433,-1.6345626441524734,174.23030735045043,Clouds,2.7798850544184823,12.0,738.3420112205789,11.999843754367781,12.0,200.0,171.39655974729206,0.0024628438491957625,-162.23370150722326,18.365437355847526,0.05386254873989241
31407.0,0.122173342273316,-1.6898162356256536,174.28552150235487,Clouds,2.788700854372056,12.0,742.2681979822412,11.999841939535672,12.0,200.0,171.44262522033998,0.0024759401985430906,-162.28895509869645,18.310183764374347,0.05419542764283573
31408.0,0.12368785012609385,-1.7455313723110646,174.34119782730917,Clouds,2.797693657560264,12.0,746.2393630096067,11.999840153609927,12.0,200.0,171.48897121669577,0.002489186579235448,-162.34467023538187,18.254468627688937,0.05453295305313437
31409.0,0.12521784006886305,-1.801693657154455,174.3973219219813,Clouds,2.806863169029769,12.0,750.25478773982,11.9998383963009,12.0,200.0,171.53558365382665,0.0025025805944051465,-162.40083252022526,18.198306342845544,0.0548750991248492
31410.0,0.1267628405410311,-1.858288955151426,174.45387964489123,Clouds,2.816209051999801,12.0,754.3137606659866,11.999836667309866,12.0,200.0,171.5824487520611,0.002516119870720652,-162.45742781822224,18.141711044848574,0.05522184083027336
31411.0,0.12832237868389756,-1.9153034145626748,174.51085713764127,Clouds,2.825730934035699,12.0,758.4155787367905,11.999834966329713,12.0,200.0,171.62955304952928,0.0025298020630552037,-162.51444227763346,18.084696585437325,0.05557315407627279
31412.0,0.12989598007929543,-1.9727234421378408,174.56824080016204,Clouds,2.8354284056065815,12.0,762.5595454827953,11.999833293045965,12.0,200.0,171.6768833790132,0.002543624848236827,-162.5718623052086,18.02727655786216,0.055929015542305206
31413.0,0.13148317005682847,-2.0305357354003126,174.62601732300874,Clouds,2.845301028178916,12.0,766.7449732674728,11.999831647137293,12.0,200.0,171.72442689195884,0.0025575859325569585,-162.62967459847113,17.969464264599686,0.056289402871022305
31414.0,0.13308347375206236,-2.088727268977664,174.68417367370975,Clouds,2.85534833464593,12.0,770.9711822614333,11.99983002827637,12.0,200.0,171.7721710444843,0.0025716830483488457,-162.68786613204844,17.911272731022336,0.056654294579521466
31415.0,0.1346964167175218,-2.1472853009667414,174.74269710314644,Clouds,2.865569833103746,12.0,775.2375008808908,11.999828436130542,12.0,200.0,171.82010359994692,0.0025859139554501097,-162.74642416403753,17.852714699033257,0.05702367009578997
31416.0,0.13632152529523617,-2.2061973705006364,174.8015751431348,Clouds,2.875965009105879,12.0,779.5432656114634,11.999826870362497,12.0,200.0,171.86821262428552,0.0026002764406150053,-162.80533623357144,17.793802629499364,0.05739750974345176
31417.0,0.13795832754354592,-2.265451315349016,174.8607956240376,Clouds,2.8865333314656025,12.0,783.8878223196941,11.999825330630808,12.0,200.0,171.91648649771673,0.0026147683218891854,-162.8645901784198,17.734548684650985,0.057775794855249515
31418.0,0.1396063529016925,-2.325035243795712,174.92034664665857,Clouds,2.8972742499138064,12.0,788.2705242412579,11.999823816590714,12.0,200.0,171.96491388914606,0.002629387441899082,-162.9241741068665,17.67496475620429,0.05815850759873194
31419.0,0.14126513354153752,-2.3849375676930693,174.98021661530538,Clouds,2.9081872036461536,12.0,792.6907344690514,11.999822327894483,12.0,200.0,172.01348378046492,0.0026441316761512774,-162.98407643076385,17.61506243230693,0.058545631194281425
31420.0,0.14293420388750494,-2.4451469693708496,175.04039420471415,Clouds,2.9192716179392026,12.0,797.1478236033278,11.999820864192174,12.0,200.0,172.06218543706433,0.0026589989251942013,-163.04428583244163,17.55485303062915,0.05893714971059458
31420.63184212,0.14399388833803473,-2.4833431172898424,175.07857052877517,Clouds,2.926363348654778,12.0,799.9827318022693,11.999819952089544,12.0,200.0,172.09302039357655,0.002668455161077699,-163.08248198036063,17.51665688271016,0.05918678654383499
67768.862495071,0.06836061753132577,0.4424153596830045,172.1522844420211,Clear,0.0,12.0,799.9897904610228,12.000204321890871,12.0,200.0,172.09309703330638,0.0026684787062289037,-160.15672350338778,20.442415359683004,0.05918740871470468
67769.0,0.06818709547361845,0.45010179429396585,172.1446014118338,Clear,0.0,12.0,799.2881686533474,12.000204165271473,12.0,200.0,172.08547583156925,0.002666138347794418,-160.1490370687768,20.450101794293968,0.05912558026458789
67770.0,0.06693032419792061,0.5060229301716452,172.08870530890553,Clear,0.0,12.0,794.2019443456243,12.00020301363505,12.0,200.0,172.0300270620001,0.002649172529702613,-160.09311593289914,20.506022930171643,0.058678246905447685
67771.0,0.0656828731412833,0.5619769722579906,172.0327767890798,Clear,0.0,12.0,789.1447709496251,12.000201839481118,12.0,200.0,171.97454180542908,0.002632303615021647,-160.0371618908128,20.561976972257987,0.05823498365072983
67772.0,0.06444508528009746,0.6179560488097422,171.9768237338239,Clear,0.0,12.0,784.1172165885328,12.00020064236192,12.0,200.0,171.91902793510693,0.0026155334988064737,-159.98118281426105,20.61795604880974,0.05779579871697689
67773.0,0.06321730326000374,0.6739519637162478,171.92085434909632,Clear,0.0,12.0,779.1198608111977,12.000199421823984,12.0,200.0,171.86349364762475,0.002598864114223973,-159.92518689935454,20.673951963716245,0.05736070147160961
67774.0,0.061999868791004054,0.7299561951024086,171.86487716674424,Clear,0.0,12.0,774.1532940647537,12.000198177408109,12.0,200.0,171.80794746436425,0.002582297430793785,-159.86918266796837,20.72995619510241,0.056929702379965905
67775.0,0.06079312247913188,0.7859598732410861,171.80890106657725,Clear,0.0,12.0,769.2181190001335,12.00019690864999,12.0,200.0,171.75239825346523,0.00256583545874304,-159.8131789898297,20.785959873241087,0.05650281311203059
67776.0,0.05959740303101596,0.8419537865636119,171.75293527036106,Clear,0.0,12.0,764.3149492727661,12.000195615080031,12.0,200.0,171.696855223929,0.002549480245005917,-159.75718507650717,20.84195378656361,0.05608004643209249
67777.0,0.05841304709317474,0.8979283577210952,171.69698936573954,Clear,0.0,12.0,759.4444109829964,12.000194296224109,12.0,200.0,171.64132794942216,0.002533233878028367,-159.70121050534968,20.897928357721092,0.055661416317392
67778.0,0.057240388476726745,0.9538736476881062,171.64107330213258,Clear,0.0,12.0,754.6071416441796,12.000192951603506,12.0,200.0,171.58582636426956,0.002517098484326045,-159.64526521538266,20.95387364768811,0.05524693786299998
67779.0,0.05607974281339734,1.009779339365222,171.5851974071211,Clear,0.0,12.0,749.8037909443458,12.00019158073547,12.0,200.0,171.5303607797785,0.0025010762310249506,-159.58935952370555,21.009779339365224,0.05483662734255854
67780.0,0.054931464879275305,1.0656347306009306,171.52937239341736,Clear,0.0,12.0,745.0350206782125,12.000190183133583,12.0,200.0,171.47494189122014,0.0024851693256346444,-159.53350413246986,21.065634730600927,0.054430502197233686
67781.0,0.053795864122399506,1.1214287254289763,171.47360936761854,Clear,0.0,12.0,740.3015048342506,12.000188758308177,12.0,200.0,171.41958078658007,0.002469380016338672,-159.4777101376418,21.121428725428974,0.0540285810384738
67782.0,0.05267325833403791,1.1771498254410302,171.41791983882345,Clear,0.0,12.0,735.603929669872,12.000187305766811,12.0,200.0,171.36428895517304,0.002453710592245359,-159.42198903762974,21.177149825441028,0.053630883650398725
67783.0,0.05156395996570995,1.2327861213259643,171.36231572708223,Clear,0.0,12.0,730.942993774128,12.000185825014796,12.0,200.0,171.30907829609095,0.002438163383596955,-159.36635274174483,21.232786121325965,0.053237430991294604
67784.0,0.050468275621900816,1.2883252827977443,171.30680937345528,Clear,0.0,12.0,726.3194082674261,12.00018431555578,12.0,200.0,171.25396112824828,0.0024227407624358116,-159.31081358027305,21.288325282797743,0.05284824520702561
67785.0,0.04938650540773748,1.3437545560036894,171.25141354259583,Clear,0.0,12.0,721.7338963840898,12.000182776892187,12.0,200.0,171.19895019300287,0.0024074451412119573,-159.2553843070671,21.343754556003688,0.052463349592940106
67786.0,0.04831894245814744,1.3990607521089102,171.1961414341489,Clear,0.0,12.0,717.1871938023718,12.000181208525966,12.0,200.0,171.14405866552949,0.0023922789738838983,-159.20007811096187,21.399060752108912,0.05208276861938921
67787.0,0.047265872495293904,1.454230234567244,171.14100669546104,Clear,0.0,12.0,712.6800490797356,12.00017960995949,12.0,200.0,171.08930016749508,0.0023772447573705657,-159.14490862850354,21.45423023456724,0.05170652796594205
67788.0,0.046227573082437745,1.5092489227897916,171.08602341790407,Clear,0.0,12.0,708.2132227573754,12.000177980695902,12.0,200.0,171.03468876345943,0.0023623450285643124,-159.089889940281,21.50924892278979,0.05133465444464433
67789.0,0.04520431322938823,1.5641022783679779,171.03120615062937,Clear,0.0,12.0,703.7874879151359,12.000176320240167,12.0,200.0,170.98023897458359,0.0023475823661819268,-159.03503658470282,21.564102278367976,0.05096717604580075
67790.0,0.044196352865266464,1.6187752989784245,170.97656990664427,Clear,0.0,12.0,699.4036301084171,12.000174628099918,12.0,200.0,170.92596578471284,0.002332959390554172,-158.98036356409236,21.618775298978427,0.05060412193144488
67791.0,0.043203942197493794,1.6732525197205708,170.92213016146133,Clear,0.0,12.0,695.0624467354403,12.000172903786078,12.0,200.0,170.87188463907813,0.002318478761515209,-158.92588634335021,21.67325251972057,0.050245522383162114
67792.0,0.04222732143545249,1.7275179959342863,170.86790287024857,Clear,0.0,12.0,690.7647479103707,12.000171146814315,12.0,200.0,170.81801146137397,0.002304143181315024,-158.8716208671365,21.727517995934285,0.04989140887458807
67793.0,0.0412666996126681,1.7815553109529216,170.81390446006628,Clear,0.0,12.0,686.5113553712712,12.000169356705536,12.0,200.0,170.76436264608444,0.0022899553909767507,-158.81758355211787,21.78155531095292,0.04954181398186736
67794.0,0.04032233520162579,1.8353475672023487,170.7601518387395,Clear,0.0,12.0,682.303102751738,12.000167532987168,12.0,200.0,170.7109550673317,0.0022759181712027525,-158.76379129586843,21.835347567202348,0.04919677140782294
67795.0,0.039394415296297274,1.8888773783239678,170.70666240270523,Clear,0.0,12.0,678.1408357911861,12.000165675194554,12.0,200.0,170.6578060867039,0.002262034343076056,-158.7102614847468,21.88887737832397,0.048856316001317866
67796.0,0.03848312936746775,1.9421268756332206,170.653454030537,Clear,0.0,12.0,674.0254114637761,12.000163782871708,12.0,200.0,170.60493354684957,0.002248306765154766,-158.65701198743756,21.94212687563322,0.0485204836874065
67797.0,0.03758867163334883,1.9950777068523209,170.60054508418511,Clear,0.0,12.0,669.9576977630782,12.000161855572577,12.0,200.0,170.55235577273112,0.0022347383327537816,-158.60406115621848,21.99507770685232,0.048189311453968195
67798.0,0.036711205972384586,2.0477110261845533,170.54795441886301,Clear,0.0,12.0,665.9385741892384,12.000159892862834,12.0,200.0,170.50009158146852,0.0022213319795698076,-158.55142783688623,22.04771102618455,0.04786283739451395
67799.0,0.03585088928589302,2.100007508366926,170.4957013689798,Clear,0.0,12.0,661.9689304430768,12.000157894320584,12.0,200.0,170.44816026837373,0.002208090673325334,-158.49913135470385,22.10000750836692,0.04754110060606025
67800.0,0.0350078652638566,2.151947337868968,170.44380575889537,Clear,0.0,12.0,658.0496670767835,12.000155859538452,12.0,200.0,170.3965816176482,0.0021950174179391248,-158.44719152520182,22.151947337868968,0.047224141247177574
67801.0,0.03418226394127004,2.2035102234883914,170.39228788830573,Clear,0.0,12.0,654.1816942668515,12.000153788124486,12.0,200.0,170.34537588786233,0.0021821152494331648,-158.39562863958238,22.203510223488394,0.046912000443429074
67802.0,0.033374201585525023,2.2546753966140356,170.34116853393908,Clear,0.0,12.0,650.3659318906216,12.000151679704024,12.0,200.0,170.294563813639,0.0021693872361879816,-158.34446346645674,22.254675396614036,0.04660472030007111
67803.0,0.03258378051637421,2.305421617394672,170.2904689433522,Clear,0.0,12.0,646.603309065404,12.00014953392131,12.0,200.0,170.24416659948082,0.0021568364774053254,-158.2937172456761,22.305421617394675,0.04630234387140271
67804.0,0.031811088879266716,2.3557271883188653,170.24021082132282,Clear,0.0,12.0,642.8947632112098,12.000147350440757,12.0,200.0,170.19420590623068,0.002144466099981774,-158.2434116747519,22.355727188318863,0.04600491509216428
67805.0,0.03105620072155504,2.405569952760981,170.19041633125232,Clear,0.0,12.0,639.2412402986879,12.000145128949327,12.0,200.0,170.14470385244638,0.0021322792593357633,-158.1935689103098,22.40556995276098,0.0457124788059382
67806.0,0.03031917178092228,2.4549273162075784,170.14110807391626,Clear,0.0,12.0,635.6436934986348,12.00014286915758,12.0,200.0,170.09568299325156,0.002120279134902836,-158.1442115468632,22.454927316207577,0.0454250806646762
67807.0,0.029600056016361884,2.5037762527052654,170.0923090809685,Clear,0.0,12.0,632.1030830044283,12.000140570801877,12.0,200.0,170.0471663138444,0.002108468929543345,-158.09536261036553,22.503776252705265,0.04514276712411433
67808.0,0.02889888037086144,2.552093320581832,170.04404279918333,Clear,0.0,12.0,628.6203752566469,12.000138233646098,12.0,200.0,169.99917721379194,0.0020968518669560623,-158.04704554248895,22.55209332058183,0.04486558539137479
67809.0,0.028215662197796337,2.5998546771828055,169.9963330756757,Clear,0.0,12.0,625.1965423282415,12.000135857483604,12.0,200.0,169.9517394922895,0.0020854311896273303,-157.99928418588797,22.599854677182805,0.04459358338621724
67810.0,0.02755040489894105,2.647036102292422,169.9492041344481,Clear,0.0,12.0,621.8325607793112,12.000133442138743,12.0,200.0,169.90487732478715,0.002074210155011008,-157.95210276077836,22.64703610229242,0.04432680966092003
67811.0,0.026903098272035287,2.6936130086658894,169.9026805658014,Clear,0.0,12.0,618.5294115284797,12.000130987469442,12.0,200.0,169.8586152523999,0.002063192035099428,-157.90552585440489,22.69361300866589,0.04406531340149661
67812.0,0.02627371864225538,2.73956047347421,169.85678729486358,Clear,0.0,12.0,615.288078328024,12.000128493368454,12.0,200.0,169.81297815054432,0.0020523801113369704,-157.85957838959658,22.739560473474214,0.04380914431925667
67813.0,0.025662229270975927,2.784853255848275,169.81154956399226,Clear,0.0,12.0,612.1095473310206,12.000125959765796,12.0,200.0,169.76799121136372,0.002041777673176223,-157.8142856072225,22.784853255848276,0.04355835262853204
67814.0,0.02506858063759617,2.8294658294440445,169.7669929001796,Clear,0.0,12.0,608.9948056990423,12.00012338663014,12.0,200.0,169.72367991122854,0.0020313880134337544,-157.76967303362676,22.829465829444043,0.04331298895103618
67815.0,0.024492710972853066,2.873372402273881,169.7231430951622,Clear,0.0,12.0,605.9448412074848,12.000120773971512,12.0,200.0,169.6800699908647,0.002021214426973626,-157.7257664607969,22.87337240227388,0.04307310429751157
67816.0,0.023934546610756804,2.9165469559108548,169.68002616619228,Clear,0.0,12.0,602.9606406016492,12.000118121842428,12.0,200.0,169.6371874162389,0.0020112602052238726,-157.68259190715992,22.916546955910853,0.04283874995337218
67817.0,0.02339400256737806,2.958963273474195,169.6376683280023,Clear,0.0,12.0,600.0431888444472,12.000115430340195,12.0,200.0,169.59505835056837,0.002001528633667119,-157.6401755895966,22.958963273474193,0.042609977433892304
67818.0,0.022870983083357735,3.000594975942885,169.59609595645333,Clear,0.0,12.0,597.1934678906478,12.000112699608662,12.0,200.0,169.55370911804962,0.001992022987751906,-157.5985438871279,23.000594975942885,0.042386838403692007
67819.0,0.022365379628706418,3.041415558426478,169.55533555222414,Clear,0.0,12.0,594.4124555714252,12.00010992984007,12.0,200.0,169.51316616761918,0.001982746529171942,-157.5577233046443,23.04141555842648,0.04216938460491575
67820.0,0.02187708216395221,3.0813984327533057,169.5154136981924,Clear,0.0,12.0,591.7011241537589,12.000107121276464,12.0,200.0,169.47345603043158,0.00197370250106078,-157.51774043031747,23.081398432753307,0.04195766776084743
67821.0,0.02140596352851061,3.120516965893585,169.47635702096937,Clear,0.0,12.0,589.0604392884959,12.000104274211642,12.0,200.0,169.43460528145923,0.0019648941244829314,-157.4786218971772,23.120516965893586,0.04175173951017598
67822.0,0.020951891278642602,3.158744524756271,169.4381921460716,Clear,0.0,12.0,586.491358625777,12.0001013889926,12.0,200.0,169.39664049475553,0.0019563245938154224,-157.44039433831452,23.158744524756273,0.04155165131604208
67823.0,0.02051472559401593,3.1960545210671087,169.4009456530091,Clear,0.0,12.0,583.9948305246434,12.000098466021097,12.0,200.0,169.35958819862637,0.0019479970724435084,-157.40308434200367,23.196054521067108,0.04135745438272066
67824.0,0.02009432001311038,3.2324204624758304,169.36464402416044,Clear,0.0,12.0,581.5717924415504,12.000095505754473,12.0,200.0,169.32347482461262,0.0019399146873853325,-157.36671840059495,23.23242046247583,0.041169199547841484
67825.0,0.019690522311860144,3.2678159952987844,169.32931360198262,Clear,0.0,12.0,579.2231699674096,12.000092508707839,12.0,200.0,169.28832666475745,0.001932080526079844,-157.331322867772,23.267815995298786,0.04098693722514057
67826.0,0.0193031752206622,3.302214964728753,169.29498052880854,Clear,0.0,12.0,576.9498747879323,12.000089475453747,12.0,200.0,169.25416981154413,0.0019244976295832378,-157.29692389834204,23.30221496472875,0.04081071726441318
67827.0,0.018932117354692173,3.335591459540854,169.26167070209448,Clear,0.0,12.0,574.7528037541462,12.000086406624346,12.0,200.0,169.2210301131971,0.0019171689894685283,-157.26354740352994,23.335591459540854,0.04064058889737507
67828.0,0.018577184024841157,3.36791986968837,169.22940971682016,Clear,0.0,12.0,572.6328371703036,12.00008330291157,12.0,200.0,169.1889331161969,0.0019100975421146305,-157.2312189933824,23.36791986968837,0.04047660062327592
67829.0,0.01823820808432126,3.399174942903367,169.19822280888224,Clear,0.0,12.0,570.5908372168853,12.000080165067422,12.0,200.0,169.15790400877697,0.001903286163446064,-157.19996392016742,23.399174942903365,0.0403188001052773
67830.0,0.01791502082098482,3.429331838562868,169.1681348012092,Clear,0.0,12.0,568.627646609343,12.00007699390484,12.0,200.0,169.12796756712422,0.001896737664459,-157.16980702450792,23.42933183856287,0.04016723408497164
67831.0,0.017607452790142187,3.4583661878933647,169.139170043569,Clear,0.0,12.0,566.74408689189,12.000073790297153,12.0,200.0,169.09914809530034,0.0018904547855299616,-157.14077267517743,23.458366187893365,0.04002194826867752
67832.0,0.0173153347153685,3.486254148111994,169.11135235841033,Clear,0.0,12.0,564.9409571640309,12.000070555178901,12.0,200.0,169.07146937116264,0.0018844401921679793,-157.1128847149588,23.486254148111993,0.03988298724770038
67833.0,0.01703849830232823,3.512972464377076,169.08470497893825,Clear,0.0,12.0,563.2190323298792,12.000067289544624,12.0,200.0,169.0449545845577,0.0018786964691749487,-157.0861663986937,23.51297246437708,0.03975039438054857
67834.0,0.016776777102183348,3.5384985260975683,169.05925049280643,Clear,0.0,12.0,561.5790617307774,12.00006399444879,12.0,200.0,169.0196262811005,0.0018732261160845393,-157.06064033697322,23.53849852609757,0.03962421170595427
67835.0,0.016530007334708934,3.562810425413092,169.0350107836541,Clear,0.0,12.0,560.0217676436741,12.00006067100504,12.0,200.0,168.99550630380998,0.0018680315421533192,-157.0363284376577,23.56281042541309,0.039504479844130885
67836.0,0.016298028685582236,3.5858870159279572,169.012006972404,Clear,0.0,12.0,558.5478437592036,12.00005732038469,12.0,200.0,168.97261573450706,0.0018631150612841753,-157.01325184714284,23.585887015927955,0.039391237896956685
67837.0,0.016080685101347105,3.607707968724367,168.99025936126847,Clear,0.0,12.0,557.1579538161486,12.000053943815878,12.0,200.0,168.9509748379092,0.001858478887471374,-156.99143089434642,23.607707968724366,0.03928452335927778
67838.0,0.015877825544870036,3.6282538286684893,168.96978737747787,Clear,0.0,12.0,555.8527301874105,12.00005054258197,12.0,200.0,168.9306030054513,0.001854125130083861,-156.9708850344023,23.628253828668488,0.039184372026558896
67839.0,0.015689303002202497,3.647506069588959,168.95060951814995,Clear,0.0,12.0,554.6327724964443,12.000047118019364,12.0,200.0,168.9115187002459,0.0018500557892501895,-156.95163279348182,23.64750606958896,0.03909081790404497
67840.0,0.015514982123473665,3.66544714679804,168.93274329780513,Clear,0.0,12.0,553.4986463469004,12.000043671515812,12.0,200.0,168.89373940468118,0.0018462727516210576,-156.93369171627273,23.66544714679804,0.03900389312394008
67841.0,0.015354729366354064,3.682060548479013,168.9162051970323,Clear,0.0,12.0,552.4508820570288,12.00004020450799,12.0,200.0,168.87728156916955,0.0018427777861477384,-156.91707831459178,23.68206054847901,0.03892362786273757
67842.0,0.015208420708170987,3.697330844728493,168.90101061349927,Clear,0.0,12.0,551.4899734624038,12.000036718479063,12.0,200.0,168.86216056323644,0.001839572540088396,-156.90180801834228,23.69733084472849,0.03885005026285256
67843.0,0.015075940439066541,3.71124373378503,168.88717381579397,Clear,0.0,12.0,550.6163768050571,12.000033214955483,12.0,200.0,168.84839062943422,0.0018366585353026365,-156.88789512928577,23.711243733785032,0.03878318635977699
67844.0,0.014957181703589378,3.723786085731554,168.8747078997788,Clear,0.0,12.0,549.8305096766779,12.000029695504374,12.0,200.0,168.83598483976542,0.0018340371647263987,-156.87535277733923,23.723786085731554,0.03872306001336633
67845.0,0.014852046998959537,3.7349459830521603,168.86362474810707,Clear,0.0,12.0,549.1327500454377,12.000026161730169,12.0,200.0,168.82495505526327,0.0018317096891257941,-156.86419288001863,23.73494598305216,0.03866969284378201
67846.0,0.014760448624551803,3.744712758178961,168.85393499274795,Clear,0.0,12.0,548.5234353456908,12.000022615271307,12.0,200.0,168.8153118885761,0.001829677234060674,-156.85442610489184,23.744712758178963,0.038623104171836356
67847.0,0.01468230909523261,3.753077026276414,168.84564798228956,Clear,0.0,12.0,548.0028617315882,12.00001905779621,12.0,200.0,168.80706467131859,0.0018279407873949523,-156.84606183679438,23.75307702627641,0.03858331097099162
67848.0,0.014617561486690333,3.7600307162954083,168.83877175095566,Clear,0.0,12.0,547.5712832925417,12.000015491000038,12.0,200.0,168.80022142314107,0.0018265011966796768,-156.83910814677537,23.760030716295407,0.03855032781457046
67849.0,0.014566149759940097,3.765567094933372,168.83331299474548,Clear,0.0,12.0,547.2289115619164,12.000011916600068,12.0,200.0,168.79478882789982,0.0018253591675142023,-156.8335717681374,23.765567094933374,0.03852416684565421
67850.0,0.014528028989025023,3.7696807913739883,168.82927704676126,Clear,0.0,12.0,546.9759148134686,12.000008336332618,12.0,200.0,168.79077220903287,0.0018245152611993617,-156.82945807169682,23.769680791373986,0.03850483772840836
67851.0,0.014503165588693821,3.7723678121736812,168.8266678624305,Clear,0.0,12.0,546.8124178110805,12.000004751948046,12.0,200.0,168.78817551479668,0.0018239698939026697,-156.82677105089712,23.77236781217368,0.038492347633835106
67852.0,0.014491537471503831,3.773625553681606,168.82548800717782,Clear,0.0,12.0,546.7385015394518,12.000001165206498,12.0,200.0,168.78700130595564,0.001823723335760007,-156.82551330938918,23.773625553681605,0.03848670122218115
67853.0,0.01449410646280647,3.7733476227186658,168.82573864424563,Clear,0.0,12.0,546.7542027682465,11.999997577874453,12.0,200.0,168.7872507436336,0.001823775709421771,-156.82579124035212,23.773347622718664,0.03848790061205699
67854.0,0.014510370388087569,3.7715888577218926,168.82741953523367,Clear,0.0,12.0,546.8595142346928,11.999993991719402,12.0,200.0,168.78892358983842,0.0018241269906619625,-156.82755000534888,23.771588857721895,0.0384959453952751
67855.0,0.014539876233395355,3.768401543904739,168.8305290375307,Clear,0.0,12.0,547.0543844518846,11.999990408506225,12.0,200.0,168.79201820490857,0.0018247770077387492,-156.83073731916605,23.768401543904737,0.0385108326221316
67856.0,0.014582650271613741,3.763788757863098,168.83506411270707,Clear,0.0,12.0,547.3387180245146,11.99998682999227,12.0,200.0,168.79653155588318,0.001825725442447637,-156.83535010520768,23.7637887578631,0.038532556823904066
67857.0,0.014638730208141477,3.7577549641294232,168.84102033415277,Clear,0.0,12.0,547.712375739583,11.99998325792353,12.0,200.0,168.80245922413525,0.0018269718304240426,-156.84138389894136,23.757754964129422,0.038561110017504084
67858.0,0.014708165017699903,3.7503059999371318,168.84839190221737,Clear,0.0,12.0,548.1751749523102,11.999979694030252,12.0,200.0,168.80979542048635,0.0018285155624305604,-156.84883286313365,23.750305999937133,0.03859648173101737
67859.0,0.01479101471238803,3.7414490573882047,168.85717166195647,Clear,0.0,12.0,548.7268899644992,11.999976140022964,12.0,200.0,168.8185330029286,0.001830355885619041,-156.85768980568258,23.741449057388206,0.03863865902785992
67860.0,0.014887350097010258,3.7311926572271945,168.86735112926095,Clear,0.0,12.0,549.367252763718,11.999972597588036,12.0,200.0,168.82866350270348,0.001832491905996241,-156.8679462058436,23.731192657227194,0.03868762655748663
67861.0,0.01499725241749399,3.719546624553698,168.87892051506924,Clear,0.0,12.0,550.0959534830395,11.999969068384207,12.0,200.0,168.8401771484863,0.001834922589957348,-156.8795922385171,23.719546624553697,0.03874336658292808
67862.0,0.015120812984743234,3.7065220579121934,168.89186875619632,Clear,0.0,12.0,550.9126411244577,11.999965554038864,12.0,200.0,168.8530628971678,0.0018376467666990398,-156.89261680515858,23.706522057912196,0.03880585902850699
67863.0,0.015258132786566049,3.69213129085036,168.90618355368903,Clear,0.0,12.0,551.8169246137794,11.999962056144062,12.0,200.0,168.86730847213823,0.001840663131738222,-156.90700757222044,23.69213129085036,0.038875081550827154
67864.0,0.015409321986606765,3.676387856983219,168.92185140769797,Clear,0.0,12.0,552.8083735023354,11.999958576253578,12.0,200.0,168.88290039811517,0.0018439702492526859,-156.92275100608757,23.67638785698322,0.03895100958280935
67865.0,0.015574499420999862,3.6593064472592554,168.9388576601392,Clear,0.0,12.0,553.8865190364091,11.999955115879606,12.0,200.0,168.899824043735,0.0018475665556483382,-156.93983241581154,23.659306447259254,0.03903361640418884
67866.0,0.015753792027346985,3.6409028667672,168.95718653782635,Clear,0.0,12.0,555.0508551437033,11.999951676489937,12.0,200.0,168.9180636646214,0.0018514503628496994,-156.95823599630359,23.640902866767203,0.03912287320493709
67867.0,0.015947336108143938,3.6211939832723856,168.97682120386665,Clear,0.0,12.0,556.3008398432903,11.999948259504857,12.0,200.0,168.9376024546861,0.0018556198630029922,-156.9779448797984,23.621193983272384,0.03921874918057199
67868.0,0.01615526945436519,3.60019768154404,168.99774380328822,Clear,0.0,12.0,557.6358962006154,11.999944866295055,12.0,200.0,168.95842259169638,0.0018600731316616892,-156.99894118152673,23.60019768154404,0.03932121159184082
67869.0,0.016377741345919836,3.577932811740724,169.01993551460603,Clear,0.0,12.0,559.0554135818155,11.999941498179409,12.0,200.0,168.98050528875982,0.0018648081319704698,-157.02120605133007,23.577932811740723,0.03943022584620805
67870.0,0.016614904845638528,3.5544191311444018,169.04337660803623,Clear,0.0,12.0,560.5587492695759,11.999938156422592,12.0,200.0,169.00383085242896,0.0018698227200551383,-157.0447197319264,23.554419131144403,0.03954575560728885
67871.0,0.016866917758243043,3.5296772534555036,169.06804649617203,Clear,0.0,12.0,562.1452295462615,11.999934842233754,12.0,200.0,169.02837873330998,0.001875114648635562,-157.0694616096153,23.529677253455503,0.03966776286202149
67872.0,0.017133941876973546,3.5037285909063174,169.09392379183515,Clear,0.0,12.0,563.8141511965426,11.999931556764917,12.0,200.0,169.05412758381513,0.0018806815720378886,-157.0954102721645,23.503728590906316,0.039796208020019166
67873.0,0.017416142172780393,3.476595298650274,169.1209863636629,Clear,0.0,12.0,565.5647828383371,11.999928301109874,12.0,200.0,169.08105531366368,0.0018865210506340928,-157.1225435644205,23.476595298650274,0.03993104999919159
67874.0,0.017713686033272343,3.448300211674135,169.14921139916652,Clear,0.0,12.0,567.3963667232744,11.999925076302853,12.0,200.0,169.1091391528191,0.0018926305568476788,-157.15083865139664,23.448300211674137,0.04007224634738782
67875.0,0.018026742378921577,3.418866791513582,169.17857545800845,Clear,0.0,12.0,569.3081199040448,11.999921883318196,12.0,200.0,169.13835570469382,0.0018990074790475376,-157.18027207155723,23.418866791513583,0.04021975331466718
67876.0,0.018355480813691004,3.388319068086696,169.20905453015774,Clear,0.0,12.0,571.2992357248232,11.999918723069838,12.0,200.0,169.1686810042074,0.0019056491265194643,-157.2108197949841,23.388319068086695,0.040373525950350306
67877.0,0.018700070827658753,3.3566815760191098,169.2406240995519,Clear,0.0,12.0,573.3688856944572,11.999915596410734,12.0,200.0,169.20009058132217,0.0019125527357144428,-157.24245728705168,23.356681576019113,0.04053351822975196
67878.0,0.01906068087679016,3.323979302322032,169.27325919642638,Clear,0.0,12.0,575.5162206529443,11.999912504133201,12.0,200.0,169.23255951330037,0.001919715474139594,-157.27515956074876,23.32397930232203,0.04069968312600862
67879.0,0.01943747753684391,3.2902376275739247,169.30693445613406,Clear,0.0,12.0,577.740372402499,11.99990944696898,12.0,200.0,169.26606248341636,0.0019271344457988298,-157.30890123549688,23.290237627573926,0.040871972717728765
67880.0,0.01983062464048892,3.2554822697747205,169.3416241752999,Clear,0.0,12.0,580.0404552165792,11.999906425589641,12.0,200.0,169.30057383701237,0.0019348066962264245,-157.34365659329606,23.255482269774717,0.04105033828754533
67881.0,0.02024028239678019,3.219739231360617,169.37730236482136,Clear,0.0,12.0,582.4155671999441,11.99990344060731,12.0,200.0,169.33606763441216,0.001942729217023679,-157.37939963171019,23.219739231360617,0.04123473040918835
67882.0,0.02066660661330718,3.1830347394372915,169.41394280964445,Clear,0.0,12.0,584.864792168798,11.999900492575085,12.0,200.0,169.3725177105696,0.0019508989521304033,-157.4161041236335,23.183034739437293,0.04142509907486749
67883.0,0.021109747770981166,3.1453952015875886,169.4515191129864,Clear,0.0,12.0,587.3872005718329,11.999897581988431,12.0,200.0,169.40989771923793,0.001959312800897189,-157.4537436614832,23.145395201587586,0.041621393748504376
67884.0,0.021569850330289988,3.1068471449088237,169.49000475730966,Clear,0.0,12.0,589.9818516130617,11.999894709285732,12.0,200.0,169.4481811937965,0.0019679676251664136,-157.49229171816197,23.106847144908823,0.041823563513163915
67885.0,0.02204705176550926,3.067417181772247,169.52937313860616,Clear,0.0,12.0,592.6477936711508,11.999891874850285,12.0,200.0,169.48734158152078,0.0019768602506709853,-157.53172168129854,23.067417181772246,0.042031557085398755
67886.0,0.022541481972657935,3.0271319481031265,169.56959762813028,Clear,0.0,12.0,595.3840666583559,11.999889079010911,12.0,200.0,169.52735230514858,0.001985987474902907,-157.57200691496766,23.027131948103126,0.042245322981697704
67887.0,0.023053265373801896,2.9860180667493235,169.61065160907123,Clear,0.0,12.0,598.1897027890088,11.999886322043858,12.0,200.0,169.56818679951004,0.0019953460696766723,-157.61312079632145,22.986018066749324,0.042464809561166265
67888.0,0.023582508719155404,2.94410210461481,169.6525085194541,Clear,0.0,12.0,601.0637278635171,11.999883604174371,12.0,200.0,169.6098185543451,0.002004932785412224,-157.65503675845596,22.944102104614814,0.04268996510897051
67889.0,0.024129317380986372,2.9014105228568274,169.6951419019695,Clear,0.0,12.0,604.0051631364777,11.999880925577957,12.0,200.0,169.6522211640035,0.0020147443573663142,-157.69772834021396,22.90141052285683,0.04292073796602415
67890.0,0.02469378353286242,2.857969653771985,169.73852542714073,Clear,0.0,12.0,607.0130254571636,11.999878286382819,12.0,200.0,169.69536835061703,0.002024777506101116,-157.74116920929882,22.857969653771985,0.04315707652371357
67891.0,0.025275988453290384,2.8138056485911687,169.78263294555245,Clear,0.0,12.0,610.0863295169727,11.99987568667095,12.0,200.0,169.73923401616798,0.0020350289449809064,-157.7853332144796,22.813805648591167,0.043398929384463256
67892.0,0.025876001836064304,2.768944454441356,169.82743851093983,Clear,0.0,12.0,613.2240881931549,11.999873126480493,12.0,200.0,169.78379226556598,0.002045495381318615,-157.83019440862944,22.768944454441357,0.0436462453738375
67893.0,0.02649388144536922,2.723411770722597,169.87291642384204,Clear,0.0,12.0,616.4253144297267,11.999870605807132,12.0,200.0,169.8290174501684,0.002056173522649882,-157.8757270923482,22.723411770722596,0.04389897367363277
67894.0,0.027129672447255424,2.6772330354637157,169.9190412453021,Clear,0.0,12.0,619.6890211277887,11.999868124606659,12.0,200.0,169.87488418150295,0.0020670600763671937,-157.92190582760708,22.67723303546372,0.04415706379914347
67895.0,0.02778340722902086,2.6304333813190626,169.96578784089817,Clear,0.0,12.0,623.0142232713977,11.999865682796258,12.0,200.0,169.92136737514514,0.0020781517568110325,-157.96870548175173,22.63043338131906,0.0444204657530049
67896.0,0.02845510492302288,2.583037619347886,170.0131313970138,Clear,0.0,12.0,626.3999382062514,11.999863280256811,12.0,200.0,169.96844226697903,0.0020894452861994657,-158.01610124372291,22.583037619347888,0.04468913003477089
67897.0,0.029144771104115445,2.5350702156910625,170.06104744420358,Clear,0.0,12.0,629.845186513752,11.999860916834823,12.0,200.0,170.01608443650653,0.00210093739754371,-158.0640686473797,22.535070215691064,0.04496300769706964
67898.0,0.029852397681860425,2.4865552605804484,170.10951188821767,Clear,0.0,12.0,633.3489935424766,11.999858592344006,12.0,200.0,170.06426983776234,0.002112624839756564,-158.11258360249036,22.48655526058045,0.04524205045533029
67899.0,0.0305779666197252,2.437516465930691,170.1585010124644,Clear,0.0,12.0,636.9103889805506,11.999856306567768,12.0,200.0,170.11297480182176,0.002124504376226004,-158.1616223971401,22.43751646593069,0.04552621064263006
67900.0,0.03132143385630281,2.387977131068735,170.20799151230898,Clear,0.0,12.0,640.5284088180014,11.999854059260528,12.0,200.0,170.16217607095388,0.0021365727913608868,-158.21116173200204,22.387977131068734,0.04581544135507189
67901.0,0.03208275271547798,2.337960136975781,170.257960500879,Clear,0.0,12.0,644.2020953434262,11.999851850149891,12.0,200.0,170.21185080443755,0.0021488268905798364,-158.261178726095,22.33796013697578,0.04610969644144238
67902.0,0.03286185849017778,2.287487932747339,170.3083855226434,Clear,0.0,12.0,647.9304977833397,11.999849678938443,12.0,200.0,170.26197659209868,0.0021612635024438795,-158.31165093032345,22.28748793274734,0.04640893054470228
67903.0,0.033658672355647956,2.236582513825601,170.35924457521253,Clear,0.0,12.0,651.7126736407164,11.999847545305252,12.0,200.0,170.31253147601194,0.002173879483121341,-158.36255634924518,22.2365825138256,0.04671309920060586
67904.0,0.03447310115644778,2.1852654292098035,170.41051610217653,Clear,0.0,12.0,655.5476879692129,11.999845448908104,12.0,200.0,170.36349394340567,0.00218667171396691,-158.413873433861,22.185265429209803,0.04702215877085697
67905.0,0.03530503778070564,2.1335577555040333,170.46217901908267,Clear,0.0,12.0,659.4346151812886,11.99984338938467,12.0,200.0,170.41484295250157,0.002199637107552881,-158.46558110756675,22.133557755504036,0.04733606658107477
67906.0,0.03615436115324911,2.081480099838385,170.51421271055642,Clear,0.0,12.0,663.3725387862913,11.999841366354442,12.0,200.0,170.46655792966376,0.002212772606795503,-158.5176587632324,22.081480099838387,0.047654780892664415
67907.0,0.03702093646578322,2.029052591794997,170.56659703840765,Clear,0.0,12.0,667.3605520114097,11.999839379420216,12.0,200.0,170.5186187774613,0.0022260751870262514,-158.57008627127578,22.029052591794994,0.04797826094631781
67908.0,0.03790461540925034,1.976294879196957,170.61931234587513,Clear,0.0,12.0,671.3977581988478,11.999837428169634,12.0,200.0,170.5710058788864,0.0022395418573166632,-158.62284398387382,21.976294879196956,0.04830646698868599
67909.0,0.038805242140310996,1.9232261277118934,170.67233945805586,Clear,0.0,12.0,675.483270970268,11.999835512176698,12.0,200.0,170.6237000977758,0.002253169661026856,-158.6759127353589,21.923226127711892,0.04863936028007546
67910.0,0.039722631422030065,1.8698650115072892,170.7256596912764,Clear,0.0,12.0,679.6162151371991,11.999833631002991,12.0,200.0,170.67668278811203,0.002266955678842325,-158.7292738515635,21.86986501150729,0.04897690316435116
67911.0,0.040656601413036744,1.8162297176982414,170.77925484867683,Clear,0.0,12.0,683.7957266083765,11.999831784199143,12.0,200.0,170.7299357896198,0.0022808970284648603,-158.78290914537254,21.816229717698242,0.04931905905708066
67912.0,0.04160695278419763,1.76233795448004,170.83310721211052,Clear,0.0,12.0,688.020952042714,11.999829971306312,12.0,200.0,170.7834414196968,0.0022949908634549905,-158.83680090859076,21.762337954480042,0.049665792413732646
67913.0,0.04257349425857199,1.708206939790978,170.88719955350086,Clear,0.0,12.0,692.2910500665107,11.999828191857095,12.0,200.0,170.8371824846745,0.0023092343772921423,-158.8909319232798,21.708206939790976,0.05001706882635912
67914.0,0.043555963820341825,1.6538534035978782,170.94151513258137,Clear,0.0,12.0,696.6051914845457,11.999826445376685,12.0,200.0,170.89114227754234,0.0023236248040787795,-158.9452854594729,21.653853403597875,0.05037285503900728
67915.0,0.044554148296929996,1.5992936038525685,170.9960376809698,Clear,0.0,12.0,700.9625584343304,11.999824731384312,12.0,200.0,170.94530456209387,0.002338159415719292,-158.9998452592182,21.599293603852566,0.05073311887590714
67916.0,0.04556780383175857,1.5445433227385077,171.05075140594025,Clear,0.0,12.0,705.3623451257389,11.999823049394063,12.0,200.0,170.9996535766385,0.0023528355243871376,-159.0545955403323,21.54454332273851,0.051097829301758005
67917.0,0.046596676701233686,1.4896178661196053,171.10564099099352,Clear,0.0,12.0,709.8037583744955,11.9998213989158,12.0,200.0,171.05417403452924,0.002367650484304363,-159.10952099695118,21.489617866119602,0.051466956464291225
67918.0,0.04764050367831196,1.4345320764829126,171.16069158293868,Clear,0.0,12.0,714.2860170770318,11.99981977945625,12.0,200.0,171.1088511112871,0.0023826016899899187,-159.16460678658785,21.43453207648291,0.05184047165159405
67919.0,0.04869901259691023,1.3793003361735132,171.21588878867558,Clear,0.0,12.0,718.8083524837447,11.999818190519823,12.0,200.0,171.16367044136103,0.0023976865771711464,-159.21983852689726,21.379300336173515,0.05221834731454724
67920.0,0.049771922879807695,1.3239365737148283,171.271218668893,Clear,0.0,12.0,723.3700082460255,11.99981663160945,12.0,200.0,171.21861811182146,0.0024129026229406524,-159.27520228935595,21.323936573714832,0.052600557071558744
67921.0,0.05085894607455843,1.2684542705779964,171.3266677313159,Clear,0.0,12.0,727.9702404439483,11.999815102227348,12.0,200.0,171.2736806556035,0.002428247345848668,-159.3306845924928,21.268454270577998,0.05298707571242022
67922.0,0.051959786343604486,1.2128664709342432,171.3822229209698,Clear,0.0,12.0,732.6083173794968,11.999813601875797,12.0,200.0,171.32884504178733,0.0024437183052133248,-159.38627239213653,21.21286647093424,0.053377879182448434
67923.0,0.053074141213037884,1.157185778907996,171.43787162293825,Clear,0.0,12.0,737.2835204271528,11.999812130057618,12.0,200.0,171.3840986782819,0.0024593131039579146,-159.4419530841628,21.157185778907994,0.05377294465634674
67924.0,0.05420170176070904,1.1014243844116396,171.493601636549,Clear,0.0,12.0,741.9951425040928,11.999810686277142,12.0,200.0,171.4394293861368,0.002475029383508016,-159.49771447865916,21.10142438441164,0.05417225041218436
67925.0,0.05534215357232708,1.0455940507041712,171.5494011878198,Clear,0.0,12.0,746.7424897560328,11.999809270040405,12.0,200.0,171.49482541184324,0.0024908648294148642,-159.55354481236662,21.045594050704175,0.05457577597656005
67926.0,0.05649519117208052,0.989706143270807,171.60525890059856,Clear,0.0,12.0,751.5248797668265,11.999807880856068,12.0,200.0,171.55027539862203,0.002506817165383215,-159.60943271979997,20.98970614327081,0.05498350197651718
67927.0,0.057660459940298336,0.9337716203766915,171.66116380601358,Clear,0.0,12.0,756.3416430161177,11.999806518235587,12.0,200.0,171.60576839574614,0.0025228841581335505,-159.66536724269412,20.933771620376692,0.05539541026745164
67928.0,0.058837647729137355,0.877801054565482,171.71710532098987,Clear,0.0,12.0,761.1921217061964,11.999805181693908,12.0,200.0,171.66129383715256,0.0025390636134888906,-159.7213378085053,20.877801054565484,0.055811483837333545
67929.0,0.060026422672431023,0.8218046286642267,171.77307325224845,Clear,0.0,12.0,766.0756707769067,11.999803870749648,12.0,200.0,171.71684154535015,0.0025553533797601628,-159.77733423440657,20.821804628664225,0.05623170689833279
67930.0,0.061226449694750884,0.7657921599992681,171.82905777210476,Clear,0.0,12.0,770.991656476453,11.999802584925762,12.0,200.0,171.7724017073351,0.0025717513429789254,-159.83334670307153,20.765792159999272,0.056656064769654915
67931.0,0.06243739117380215,0.7097731016604548,171.88504941720882,Clear,0.0,12.0,775.939456911188,11.999801323749738,12.0,200.0,171.82796487327943,0.002588255428731259,-159.88936576141032,20.709773101660453,0.0570845439294124
67932.0,0.06365890759911191,0.6537565438451199,171.94103908720592,Clear,0.0,12.0,780.9184626084285,11.999800086753813,12.0,200.0,171.88352195513613,0.0026048636040351242,-159.94538231922567,20.65375654384512,0.057517132069772776
67933.0,0.06489065766446112,0.5977512406598764,171.99701801794708,Clear,0.0,12.0,785.9280748138171,11.999798873475534,12.0,200.0,171.9390641999915,0.0026215738716609646,-160.0013876224109,20.59775124065988,0.05795381795560322
67934.0,0.06613229912016044,0.5417656012841512,172.05297779032486,Clear,0.0,12.0,790.967706938904,11.999797683457729,12.0,200.0,171.99458319876842,0.002638384274960326,-160.05737326178664,20.54176560128415,0.05839459155641765
67935.0,0.06738348905895569,0.4858077065631447,172.1089103136883,Clear,0.0,12.0,796.0367837492436,11.999796516248873,12.0,200.0,172.05007086970542,0.0026552928951576347,-160.11333115650763,20.485807706563147,0.05883944398289671
67935.775,0.06835951034975002,0.44246437784005765,172.1522343143565,Clear,0.0,12.0,799.9852107831158,11.999795627066623,12.0,200.0,172.0930473093084,0.00266846343006773,-160.15667448523072,20.442464377840057,0.059187005048103876
