Times,BER,EbNo,Prop_Loss,Weather,Rain_Loss,EIRP,Range,Rcvd_Frequency,g_over_T,Bandwidth,Free_Space_Loss,Propagation_Delay,Rcvd_Iso_Power,C/No,Atmos Loss
54450.891,0.10478687036482487,-1.0392361018478884,173.63415253402644,Clouds,1.4649516456353262,12.0,799.9855368508934,12.00019435563207,12.0,200.0,172.09305084960903,0.0026684645177127617,-161.63837496491868,18.96076389815211,0.0761500387820395
54451.0,0.1046166284091598,-1.0327440672428558,173.6276634907066,Clouds,1.4642685725437685,12.0,799.4564751071307,12.000194218012114,12.0,200.0,172.08730463055105,0.0026666997576941403,-161.63188293031365,18.967255932757144,0.07609028761180332
54452.0,0.10305961448785311,-0.9732369870778004,173.56818413478453,Clouds,1.4580377949741496,12.0,794.6203015273178,12.000192942499307,12.0,200.0,172.03460127337323,0.0026505680190504256,-161.57237585014857,19.0267630129222,0.0755450664371817
54453.0,0.10151161833884764,-0.9138316855640954,173.50880707106273,Clouds,1.4518720350792655,12.0,789.8162874608483,12.00019164335122,12.0,200.0,171.9819298516728,0.0026345435529964143,-161.51297054863488,19.086168314435906,0.07500518431067195
54454.0,0.09997305666434053,-0.8545375745893553,173.4495417204542,Clouds,1.4457715608155233,12.0,785.0450290625682,12.000190320152154,12.0,200.0,171.9292995022642,0.0026186283480906253,-161.45367643766014,19.145462425410646,0.07447065737446745
54455.0,0.09844434794989387,-0.7953643701347888,173.3903978080308,Clouds,1.439736635524331,12.0,780.3071319124798,12.00018897248338,12.0,200.0,171.87671966948645,0.002602824424330514,-161.39450323320557,19.204635629865212,0.07394150302003022
54456.0,0.09692591255774863,-0.736322118188491,173.3313853889159,Clouds,1.4337675186695273,12.0,775.6032127423375,12.000187599924113,12.0,200.0,171.8242001301693,0.0025871338389117766,-161.3354609812593,19.26367788181151,0.07341774007707072
54457.0,0.09541817199679414,-0.6774211895110928,173.27251484304782,Clouds,1.4278644632998163,12.0,770.9338986562975,12.000186202051577,12.0,200.0,171.77175099102757,0.0025715586836287173,-161.27656005258189,19.322578810488906,0.07289938872041787
54458.0,0.09392154854777807,-0.6186722885728708,173.21379688410534,Clouds,1.4220277148992977,12.0,766.299827499241,12.000184778441568,12.0,200.0,171.71938269870049,0.002556101086102843,-161.21781115164367,19.38132771142713,0.07238647050556704
54459.0,0.09243646456024651,-0.5600864500542463,173.15524255600388,Clouds,1.416257508932288,12.0,761.7016472511011,12.00018332866864,12.0,200.0,171.6671060387731,0.002540763207762555,-161.15922531312503,19.439913549945754,0.07187900829844637
54460.0,0.0909633422986817,-0.5016750572965839,173.096863251326,Clouds,1.4105540704933435,12.0,757.140017161274,12.000181852307037,12.0,200.0,171.6149321544363,0.002525547247627137,-161.10081392036736,19.498324942703416,0.07137702639632178
54461.0,0.08950260305466046,-0.44344983215868083,173.03867070117633,Clouds,1.4049176110724106,12.0,752.6156066456142,12.000180348930765,12.0,200.0,171.5628725397011,0.002510455438627526,-161.04258869522948,19.55655016784132,0.07088055040284282
54462.0,0.0880546668078852,-0.3854228467034312,172.98067698685054,Clouds,1.3993483274076255,12.0,748.1290959143797,12.000178818114414,12.0,200.0,171.5109390521485,0.0024954900497009156,-160.9845617097742,19.61457715329657,0.07038960729437943
54463.0,0.08661995161816255,-0.3276065244152977,172.92289454104147,Clouds,1.3938463992487573,12.0,743.6811757935398,12.000177259433665,12.0,200.0,171.45914391639468,0.0024806533851946993,-160.92674538748608,19.672393475584702,0.06990422539803304
54464.0,0.08519887305676721,-0.2700136430051,172.86533615062993,Clouds,1.388411987220062,12.0,739.2725476893498,12.000175672465943,12.0,200.0,171.40749972902367,0.002465947784748307,-160.8691525060759,19.7299863569949,0.06942443438618837
54465.0,0.08379184367492815,-0.21265733868908832,172.8080149609483,Clouds,1.3830452307669088,12.0,734.9039236840612,12.000174056791126,12.0,200.0,171.35601946489575,0.0024513756236124564,-160.81179620175988,19.787342661310912,0.06895026528565319
54466.0,0.08239927222623117,-0.1555511002689852,172.7509444698504,Clouds,1.3777462451045883,12.0,730.5760258768173,12.000172411992017,12.0,200.0,171.30471647434126,0.0024369393104506226,-160.75468996333979,19.844448899731017,0.06848175040455735
54467.0,0.0810215509515988,-0.09870878399556984,172.69413854254879,Clouds,1.3725151200581007,12.0,726.2895873281678,12.000170737655539,12.0,200.0,171.2536044990547,0.0024226412904895956,-160.69784764706637,19.90129121600443,0.06801892343601389
54468.0,0.07965910281709204,-0.0421446007502462,172.63761139878955,Clouds,1.367351916296066,12.0,722.0453509259565,12.000169033373064,12.0,200.0,171.20269766315795,0.0024084840417364886,-160.64128346382103,19.957855399249752,0.06756181933554804
54469.0,0.07831231106498543,0.014126878000948723,172.58137761878373,Clouds,1.362256663287559,12.0,717.8440697058224,12.00016729874144,12.0,200.0,171.15201048114056,0.0023944700760478188,-160.58501198506985,20.014126878000948,0.06711047435560202
54470.0,0.07698156401007011,0.07009071518057076,172.52545214820998,Clouds,1.357229357132176,12.0,713.6865071170891,12.000165533364104,12.0,200.0,171.1015578650002,0.0023806019400164132,-160.5290481478902,20.07009071518057,0.06666492607761706
54471.0,0.07566724321888069,0.12573161882318373,172.46985028747923,Clouds,1.352269956973586,12.0,709.5734361438367,12.000163736851631,12.0,200.0,171.0513551171872,0.002366882212039626,-160.4734072442476,20.125731618823185,0.06622521331840213
54472.0,0.07436972292016664,0.18103394389439964,172.414587689895,Clouds,1.3473783822453458,12.0,705.50563913074,12.000161908822681,12.0,200.0,171.0014179315341,0.0023533135017383927,-160.41810491917636,20.1810339438944,0.06579137611557127
54473.0,0.07308936967404545,0.23598168403727107,172.3596803698747,Clouds,1.3425545108268002,12.0,701.4839083753594,12.00016004890549,12.0,200.0,170.95176240325412,0.0023398984519329012,-160.36315717903352,20.23598168403727,0.06536345579376443
54474.0,0.0718265414480922,0.2905584898017996,172.30514468471128,Clouds,1.337798174914691,12.0,697.5090448052791,12.000158156738271,12.0,200.0,170.90240501496876,0.0023266397342300025,-160.30858037326897,20.2905584898018,0.06494149482782276
54475.0,0.07058158738847381,0.34474765852373723,172.2509973446564,Clouds,1.3331091594671987,12.0,693.5818587700134,12.000156231970971,12.0,200.0,170.85336264825682,0.0023135400516647196,-160.25439120454706,20.344747658523737,0.06452553693238598
54476.0,0.06930250216506906,0.40083591967693477,172.19495162755555,Clouds,1.3261834308493072,12.0,689.7031688207481,12.000154274265835,12.0,200.0,170.80465256976865,0.0023006021346299115,-160.19830294339386,20.400835919676936,0.06411562693760446
54477.0,0.06803028644138442,0.45705503412641,172.13877577956268,Clouds,1.3187715344252466,12.0,685.8738019078899,12.00015228329891,12.0,200.0,170.75629243432164,0.0022878287415352186,-160.14208382894438,20.457055034126412,0.06371181081579655
54478.0,0.06677902948054898,0.5127850955594887,172.08308971368405,Clouds,1.3114752992050938,12.0,682.0945928914232,12.000150258761183,12.0,200.0,170.70830027884145,0.0022752226571737945,-160.0863537675113,20.51278509555949,0.06331413563748364
54479.0,0.06554904796347644,0.5680068880434194,172.0279126521912,Clouds,1.304295484247138,12.0,678.3663842709271,12.000148200359936,12.0,200.0,170.660694518394,0.0022627866918217376,-160.0311319750274,20.56800688804342,0.0629226495500572
54480.0,0.06434064574483633,0.622700809890303,171.97326420273384,Clouds,1.2972328660723098,12.0,674.6900254028379,12.000146107819774,12.0,200.0,170.61349393495829,0.0022505236786271583,-159.9764380531805,20.622700809890304,0.06253740170326197
54481.0,0.06315411349144223,0.6768468784741866,171.91916435348975,Clouds,1.2902882384404273,12.0,671.0663722981458,12.000143980884136,12.0,200.0,170.56671767281193,0.0022384364729353726,-159.9222919845966,20.676846878474183,0.06215844223735585
54482.0,0.06198972838295874,0.7304247349321205,171.8656334684283,Clouds,1.2834624122386564,12.0,667.4962874723452,12.000141819316935,12.0,200.0,170.52038523391246,0.002226527951788384,-159.86871412813866,20.73042473493212,0.06178582227718888
54483.0,0.06084775355000771,0.7834136639922358,171.81269226746156,Clouds,1.276756213564658,12.0,663.980638838586,12.000139622903506,12.0,200.0,170.47451646007104,0.002214801010232839,-159.81572519907854,20.783413663992235,0.06141959382585354
54484.0,0.059728437754885066,0.8357926061901617,171.76036181419755,Clouds,1.2701704829306797,12.0,660.5202991734449,12.000137391452009,12.0,200.0,170.42913152154546,0.0022032585595380284,-159.76334625688062,20.83579260619016,0.06105980972137971
54485.0,0.05863201531961865,0.8875401618812957,171.70866351188383,Clouds,1.2637060756143876,12.0,657.1161461789214,12.00013512479546,12.0,200.0,170.38425091261666,0.0021919035274026856,-159.7115987011895,20.887540161881297,0.0607065236528195
54486.0,0.05755870560743398,0.9386346198029247,171.65761907483056,Clouds,1.257363859069488,12.0,653.7690609828862,12.000132822792418,12.0,200.0,170.33989542574238,0.002180738852953019,-159.66050424326787,20.938634619802926,0.06035979001867123
54487.0,0.056508713108594844,0.9890539610625599,171.60725052437274,Clouds,1.25114471354851,12.0,650.4799283236191,12.000130485329251,12.0,200.0,170.2960861468669,0.002169767487358268,-159.61008490200823,20.98905396106256,0.06001966395735501
54488.0,0.055482211009563964,1.0387758888005192,171.55758015919042,Clouds,1.2450495296805595,12.0,647.2496351123924,12.000128112320942,12.0,200.0,170.25284442829675,0.0021589923890359924,-159.56036297427028,21.038775888800522,0.05968620121307084
54489.0,0.05447940354161779,1.0877778404060017,171.50863054304943,Clouds,1.2390792083566151,12.0,644.0790702064702,12.000125703713062,12.0,200.0,170.21019187656663,0.002148416522894883,-159.51136102266477,21.087777840406005,0.05935945812618906
54490.0,0.053500435136021485,1.1360370167480502,171.46042447554905,Clouds,1.2332346586796477,12.0,640.9691231422644,12.000123259482775,12.0,200.0,170.1681503253522,0.0021380428561090232,-159.46310184632273,21.13603701674805,0.0590394915172127
54491.0,0.05254544939132816,1.1835303951609613,171.41298497908883,Clouds,1.2275167980392665,12.0,637.9206839891614,12.000120779641023,12.0,200.0,170.1267418223625,0.002127874357630309,-159.41560846790983,21.18353039516096,0.05872635868706747
54492.0,0.05161457466376129,1.2302347647293372,171.3663352635673,Clouds,1.221926549641341,12.0,634.9346418336237,12.000118264233285,12.0,200.0,170.085988596648,0.002117913993131954,-159.36890409834146,21.23023476472934,0.05842011727796594
54493.0,0.050707924324995324,1.2761267470975102,171.32049870553237,Clouds,1.2164648419431656,12.0,632.0118842688302,12.000115713341415,12.0,200.0,170.04591303835218,0.002108164723306115,-159.32301211597326,21.276126747097507,0.05812082523703144
54494.0,0.04982559692794608,1.3211828262814984,171.2754988183409,Clouds,1.2111326071571837,12.0,629.1532963755003,12.000113127084976,12.0,200.0,170.00653767045526,0.0020986295004642853,-159.27795603678928,21.3211828262815,0.057828540728467666
54495.0,0.048967676483770595,1.365379377418234,171.2313592233769,Clouds,1.2059307800352106,12.0,626.3597598418302,12.000110505622722,12.0,200.0,169.96788512127924,0.002089311265601719,-159.23375948565254,21.365379377418236,0.05754332206244176
54496.0,0.048134232696298074,1.4086927022651243,171.18810361453083,Clouds,1.2008602960124557,12.0,623.6321517272426,12.000107849153583,12.0,200.0,169.92997809093254,0.002080212944273743,-159.19044616080566,21.408692702265128,0.05726522758583538
54497.0,0.04732532140369061,1.4510990585396144,171.14575572882495,Clouds,1.1959220902249899,12.0,620.971343685931,12.000105157918286,12.0,200.0,169.89283932297852,0.0020713374440057826,-159.14803980453118,21.45109905853961,0.05699431562142607
54498.0,0.04654098497139875,1.4925746961055355,171.10433931020336,Clouds,1.1911170958683361,12.0,618.3782008253387,12.000102432200432,12.0,200.0,169.85649156996317,0.002062687650485653,-159.10656416696526,21.492574696105535,0.05673064437183768
54499.0,0.04578125276421674,1.5330958933531678,171.06387807312694,Clouds,1.1864462426789084,12.0,615.853580620567,12.000099672327666,12.0,200.0,169.8209575586211,0.0020542664239424162,-159.0660429697176,21.533095893353167,0.05647427182687661
54500.0,0.04504614168845278,1.5726389940081285,171.02439566573963,Clouds,1.181910455501192,12.0,613.398331866104,12.000096878672812,12.0,200.0,169.78625995456105,0.0020460765956497274,-159.02649986906266,21.57263899400813,0.056225255677387065
54501.0,0.0443356567029502,1.6111804496245532,170.9859156273617,Clouds,1.1775106523363903,12.0,611.0132933366416,12.00009405165451,12.0,200.0,169.75242132182598,0.0020381209634587993,-158.98795841344625,21.611180449624552,0.0559836531992881
54502.0,0.04364979149815429,1.6486968568429003,170.948461351206,Clouds,1.173247743114556,12.0,608.6992928327215,12.0000911917384,12.0,200.0,169.71946408691446,0.0020304022886150175,-158.9504420062279,21.648696856842903,0.055749521176995595
54503.0,0.04298852915085005,1.6851649994140596,170.91205604233775,Clouds,1.1691226280351281,12.0,606.4571459848306,12.000088299437888,12.0,200.0,169.68741049849982,0.0020229232917688363,-158.91397386365674,21.68516499941406,0.055522915802785414
54504.0,0.04235184275612025,1.7205618948212484,170.8767226710492,Clouds,1.1651361955007682,12.0,604.2876548278281,12.000085375314281,12.0,200.0,169.65628258299557,0.0020156866482205766,-158.87857696824955,21.720561894821245,0.055303892552872866
54505.0,0.04173969627850277,1.7548648317524407,170.84248393535853,Clouds,1.161289321176307,12.0,602.191606984225,12.000082419978144,12.0,200.0,169.62610210805653,0.002008694985196142,-158.84427403131835,21.754864831752442,0.05509250612566574
54506.0,0.04115202463951642,1.7880514212345486,170.80936220988633,Clouds,1.1575828656010902,12.0,600.1697740516471,12.000079434088782,12.0,200.0,169.5968905339852,0.00200195087646817,-158.81108744183624,21.78805142123455,0.05488881030005609
54507.0,0.04058881632190236,1.820099637804917,170.77737950466644,Clouds,1.1540176729930356,12.0,598.2229106378659,12.000076418355084,12.0,200.0,169.56866897381536,0.001995456839137247,-158.77903922526588,21.820099637804915,0.054692857858033225
54508.0,0.04004999220756783,1.850987869435731,170.7465574152337,Clouds,1.1505945691407762,12.0,596.3517528930648,12.00007337353495,12.0,200.0,169.54145814563498,0.0019892153287360713,-158.74815099363505,21.85098786943573,0.05450470045793972
54509.0,0.039535487393379164,1.8806949588996908,170.716917081242,Clouds,1.147314360291479,12.0,594.5570175866746,12.00007030043605,12.0,200.0,169.51527833238853,0.0019832287361501093,-158.7184439041711,21.880694958899692,0.05432438856197746
54510.0,0.03904523180575369,1.909200255477042,170.6884791347821,Clouds,1.1441778309330977,12.0,592.8394005758772,12.000067199914692,12.0,200.0,169.49014933254654,0.0019774993825090728,-158.68993860759375,21.909200255477042,0.05415197130249895
54511.0,0.03857914553270121,1.9364836583316838,170.66126365700188,Clouds,1.141185742514395,12.0,591.1995757898608,12.000064072875992,12.0,200.0,169.46609041808856,0.0019720295157987624,-158.6626552047391,21.93648365833168,0.053987496398942215
54512.0,0.038137162268479276,1.9625256659477075,170.6352901286974,Clouds,1.1383388315059162,12.0,589.6381938527344,12.000060920272597,12.0,200.0,169.44312028715052,0.0019668213062675995,-158.6366131971231,21.96252566594771,0.053831010040953226
54513.0,0.03771919582931477,1.9873074186751718,170.61057738776486,Clouds,1.135637808199982,12.0,588.1558811167739,12.000057743104804,12.0,200.0,169.4212570227562,0.001961876843201886,-158.61183144439562,21.987307418675172,0.053682556808639884
54514.0,0.03732516421644628,2.010810747978475,170.58714357999446,Clouds,1.1330833547553696,12.0,586.7532382829185,12.00005454241863,12.0,200.0,169.40051804568424,0.001957198130324274,-158.5883281150923,22.010810747978475,0.053542179554842494
54515.0,0.036954984595296975,2.0330182190038917,170.56500611651353,Clouds,1.1306761239220262,12.0,585.4308394020388,12.000051319305298,12.0,200.0,169.38092007326946,0.0019527870824623576,-158.5661206440669,22.033018219003893,0.05340991932202579
54516.0,0.03660857409860349,2.0539131760305547,170.54418162837746,Clouds,1.1284167373932088,12.0,584.1892306771122,12.000048074899347,12.0,200.0,169.36247907574352,0.0019486455215531543,-158.54522568704024,22.053913176030555,0.053285815240730276
54517.0,0.03628585065361538,2.073479784044245,170.5246859250209,Clouds,1.1263057844966031,12.0,583.0289294609079,12.000044810377458,12.0,200.0,169.3452102360788,0.0019447751732997493,-158.52565907902655,22.073479784044245,0.05316990444547226
54518.0,0.03598673375796882,2.091703070434376,170.50653395260144,Clouds,1.1243438207766823,12.0,581.9504232029707,12.000041526956599,12.0,200.0,169.32912790983804,0.0019411776636588057,-158.50743579263641,22.091703070434377,0.05306222198673681
54519.0,0.03571114523241881,2.1085689646456225,170.4897397543901,Clouds,1.1225313666847083,12.0,580.95416846689,12.000038225892093,12.0,200.0,169.31424558695795,0.0019378545155625297,-158.49056989842518,22.108568964645624,0.0529628007474177
54520.0,0.03545900993953702,2.124064335958688,170.4743164330327,Clouds,1.1208689063398132,12.0,580.0405899989856,12.000034908475667,12.0,200.0,169.30057585532842,0.0019348071458121392,-158.4750745271121,22.124064335958685,0.05287167136445997
54521.0,0.035230256460266014,2.13817702943637,170.46027611466195,Clouds,1.1193568863424017,12.0,579.2100798393068,12.000031576032802,12.0,200.0,169.28813036616526,0.0019320368621124778,-158.4609618336344,22.138177029436367,0.05278886215429078
54522.0,0.03502481773442131,2.1508958992188956,170.44762991564338,Clouds,1.117995714707981,12.0,578.4629965139326,12.000028229920817,12.0,200.0,169.27691980189113,0.001929544860377817,-158.4482429638519,22.150895899218895,0.052714399044241904
54523.0,0.03484263165394652,2.1622108394358155,170.4363879117334,Clouds,1.1167857598818423,12.0,577.79966428789,12.000024871525651,12.0,200.0,169.26695384634112,0.0019273322222398601,-158.43692802363498,22.162210839435815,0.052648305510458376
54524.0,0.03468364159474784,2.1721128132293757,170.42655910909502,Clouds,1.1157273497619977,12.0,577.2203724393119,12.000021502260088,12.0,200.0,169.25824115681732,0.0019253999126265938,-158.42702604984143,22.172112813229376,0.05259060251571211
54525.0,0.0345477969156964,2.1805938777543474,170.41815141938028,Clouds,1.1148207709515963,12.0,576.7253746789597,12.000018123559945,12.0,200.0,169.25078933996727,0.0019237487778260244,-158.41854498531643,22.180593877754347,0.052541308461437175
54526.0,0.03443505337924628,2.1876472076585665,170.4111716362989,Clouds,1.1140662679547289,12.0,576.314888556855,12.00001473688183,12.0,200.0,169.24460492920753,0.0019223795435069115,-158.41149165541222,22.187647207658564,0.05250043913666506
54527.0,0.03434537354050741,2.19326711383558,170.40562541694467,Clouds,1.1134640426515126,12.0,575.9890950438726,12.00001134369949,12.0,200.0,169.23969336660903,0.0019212928133231176,-158.4058717492352,22.19326711383558,0.05246800768412603
54528.0,0.034278727049452354,2.1974490606507886,170.40151726462847,Clouds,1.1130142536987577,12.0,575.748138092038,12.000007945501105,12.0,200.0,169.23605898636762,0.0019204890674469136,-158.40168980242,22.19744906065079,0.0524440245620609
54529.0,0.03423509090586145,2.200189678956072,170.39885051593666,Clouds,1.1127170161360094,12.0,575.5921243299889,12.000004543785904,12.0,200.0,169.23370500228197,0.0019199686615531501,-158.3989491841147,22.20018967895607,0.05242849751868178
54530.0,0.0342144496386807,2.201486776494357,170.3976273303952,Clouds,1.1125724010190077,12.0,575.5211227949718,12.000001140061027,12.0,200.0,169.2326334978064,0.0019197318259252933,-158.39765208657641,22.201486776494356,0.052421431569788554
54531.0,0.03421836005332721,2.201241011475445,170.39784868565948,Clouds,1.1125804353845006,12.0,575.5351648711495,11.999997735837796,12.0,200.0,169.232845421281,0.0019197786652496423,-158.39789785159533,22.201241011475442,0.052422828993983386
54532.0,0.034246046324724104,2.199501422737072,170.39951437318786,Clouds,1.1127411020102884,12.0,575.6342441356453,11.999994332628788,12.0,200.0,169.23434058185813,0.001920109158101787,-158.39963744033372,22.19950142273707,0.052432689319418274
54533.0,0.034296729988860526,2.1963189490118946,170.4026229992677,Clouds,1.1130543394838064,12.0,575.8183163985638,11.999990931944325,12.0,200.0,169.2371176504575,0.0019207231570801018,-158.4028199140589,22.196318949011893,0.052451009326408664
54534.0,0.034370427964404204,2.1916961985856536,170.40717198829634,Clouds,1.1135200422516902,12.0,576.0872997543889,11.999987535289291,12.0,200.0,169.24117416299268,0.0019216203889771935,-158.40744266448513,22.191696198585653,0.052477783051969464
54535.0,0.0344671646761417,2.1856369516813254,170.41315759253706,Clouds,1.114138061098879,12.0,576.4410748945896,11.999984144159416,12.0,200.0,169.24650652961992,0.0019228004558226397,-158.41350191138946,22.185636951681325,0.05251300181821947
54536.0,0.034586971811797464,2.178146151595137,170.42057490092103,Clouds,1.1149082032756137,12.0,576.879485245592,11.999980760038405,12.0,200.0,169.25311004340443,0.0019242628353432162,-158.42099271147566,22.178146151595136,0.05255665424098582
54537.0,0.034729888044998894,2.1692298906486895,170.42941785302585,Clouds,1.1158302329249237,12.0,577.4023372954179,11.999977384394747,12.0,200.0,169.2609788938424,0.0019260068820524429,-158.42990897242208,22.16922989064869,0.0526087262585144
54538.0,0.03489595874556092,2.15889538984391,170.4396792593437,Clouds,1.116903871937092,12.0,578.0094011787654,11.999974018678186,12.0,200.0,169.2701061862242,0.0019280318292022058,-158.44024347322687,22.158895389843913,0.0526692011824051
54539.0,0.03508523554363356,2.1471509807775817,170.45135081930968,Clouds,1.1181288003355974,12.0,578.7004110211457,11.999970664317082,12.0,200.0,169.28048395924978,0.0019303367899306714,-158.4519878822932,22.14715098077758,0.0527380597243047
54540.0,0.035297775874140534,2.1340060821648796,170.46442314471506,Clouds,1.1195046570111988,12.0,579.4750654963507,11.999967322715513,12.0,200.0,169.2921032076609,0.001932920759121801,-158.4651327809059,22.13400608216488,0.05281528004297234
54541.0,0.035533642542771186,2.1194711687774377,170.47888579069627,Clouds,1.1210310410514455,12.0,580.3330287334786,11.999963995249908,12.0,200.0,169.3049539118207,0.0019357826164308597,-158.47966769429337,22.119471168777437,0.05290083782413594
54542.0,0.03579290304239613,2.1035577498726354,170.49472727726834,Clouds,1.122707511864396,12.0,581.2739305708765,11.999960683267343,12.0,200.0,169.31902505910813,0.0019389211271314787,-158.49558111319817,22.103557749872635,0.05299470629583337
54543.0,0.0360756290539748,2.086278330662986,170.51193512778275,Clouds,1.1245335909186018,12.0,582.2973677255139,11.99995738808219,12.0,200.0,169.33430468053243,0.001942334946016267,-158.5128605324078,22.086278330662985,0.05309685633173327
54544.0,0.03638189580489335,2.0676463774952833,170.5304959036974,Clouds,1.1265087629224568,12.0,583.4029046654715,11.999954110973784,12.0,200.0,169.35077988424936,0.0019460226203071177,-158.53149248557548,22.067646377495286,0.05320725652560893
54545.0,0.0367117812486965,2.047676289167496,170.55039523322841,Clouds,1.1286324761886994,12.0,584.5900740447098,11.999950853184972,12.0,200.0,169.36843688381822,0.0019499825911054433,-158.55146257390328,22.047676289167498,0.053325873221513616
54546.0,0.03706536548335312,2.0263833494643415,170.57161785875059,Clouds,1.1309041448672807,12.0,585.8583781880435,11.999947615919188,12.0,200.0,169.38726104323723,0.001954213198345515,-158.57275551360644,22.02638334946434,0.05345267064608328
54547.0,0.037442729903734984,2.0037836921039336,170.59414767182147,Clouds,1.1333231497278993,12.0,587.2072897827258,11.9999444003391,12.0,200.0,169.40723691113106,0.00195871268310134,-158.59535517096685,22.003783692103937,0.05358761096253581
54548.0,0.03784395640564293,1.9798942592045112,170.61796775467832,Clouds,1.1358888395270015,12.0,588.636252905277,11.999941207564946,12.0,200.0,169.42834826079448,0.0019634791910117934,-158.61924460386626,21.97989425920451,0.05373065435687809
54549.0,0.0382691266463845,1.9547327536444628,170.64306042783704,Clouds,1.13860053294593,12.0,590.1446843732735,11.999938038672651,12.0,200.0,169.45057813573538,0.0019685107767897,-158.6444061094263,21.95473275364446,0.05388175915576837
54550.0,0.03871832681633192,1.9283175992005859,170.6694072899339,Clouds,1.1414575196162715,12.0,591.7319745996426,11.9999348946929,12.0,200.0,169.47390888842338,0.001973805407071457,-158.6708212638702,21.92831759920059,0.05404088189424472
54551.0,0.039191624398566424,1.9006678956055945,170.6969892626434,Clouds,1.1444590616347168,12.0,593.3974887249067,11.999931776610028,12.0,200.0,169.49832222359748,0.0019793609641937915,-158.6984709674652,21.900667895605594,0.0542079774112143
54552.0,0.0396891005453498,1.8718033660222915,170.7257866431732,Clouds,1.1476043958695419,12.0,595.1405681909945,11.999928685360578,12.0,200.0,169.5237992483161,0.0019851752514434317,-158.7273354970485,21.87180336602229,0.05438299898754581
54553.0,0.04021082722432098,1.8417443223276473,170.75577913898223,Clouds,1.1508927342976114,12.0,596.9605312324459,11.999925621833432,12.0,200.0,169.55032050630786,0.0019912459946955898,-158.75739454074312,21.84174432232765,0.05456589837676786
54554.0,0.040756871939739134,1.8105116067081282,170.78694592615435,Clouds,1.15432326692646,12.0,598.856674795937,11.999922586868369,12.0,200.0,169.57786603325044,0.0019975708488168074,-158.78862725636264,21.810511606708125,0.054756625977428725
54555.0,0.041327296728795614,1.7781265534911137,170.81926568757157,Clouds,1.157895162508326,12.0,600.8282752439683,11.999919581256293,12.0,200.0,169.60641539417884,0.002004147400012205,-158.8210123095797,21.778126553491113,0.0549551308843885
54556.0,0.04192217751934019,1.7446109334836757,170.85271666855763,Clouds,1.1616075712075284,12.0,602.8745901335326,11.999916605738422,12.0,200.0,169.63594773630322,0.002010973171758486,-158.8545279295871,21.744610933483678,0.055161361046896375
54557.0,0.04254152263350597,1.7099869205102716,170.88727671035684,Clouds,1.1654596248468683,12.0,604.9948586636789,11.999913661007056,12.0,200.0,169.66644182221643,0.002018045626296839,-158.88915194256052,21.70998692051027,0.05537526329352043
54558.0,0.04318539335489663,1.6742770345027735,170.92292330703089,Clouds,1.169450439808872,12.0,607.1883035789991,11.99991074770498,12.0,200.0,169.69787608371928,0.002025362170982297,-158.92486182856803,21.674277034502776,0.05559678350276011
54559.0,0.04385382194142867,1.6375040958214335,170.9596336511441,Clouds,1.1735791187674085,12.0,609.4541324257991,11.99990786642574,12.0,200.0,169.7302286656664,0.0020329201624738643,-158.96163476724934,21.63750409582143,0.05582586671026475
54560.0,0.0445468310806193,1.5996911926456645,170.9973846663955,Clouds,1.177844751018306,12.0,611.7915380394041,11.999905017714722,12.0,200.0,169.76347745824097,0.0020407169083599967,-158.99944767042513,21.599691192645665,0.05606245713621538
54561.0,0.04526443341800096,1.5608616235586998,171.03615306502905,Clouds,1.1822464156932557,12.0,614.19970060284,11.999902202068895,12.0,200.0,169.797600150963,0.002048749674025622,-159.03827723951207,21.560861623558697,0.05630649837280828
54562.0,0.04600663072842376,1.5210388629045344,171.07591538250097,Clouds,1.186783182510611,12.0,616.6777883525479,11.999899419937956,12.0,200.0,169.83257426655433,0.0020570156850061513,-159.07810000016624,21.521038862904533,0.056557933436044996
54563.0,0.046773413306886946,1.4802465174229762,171.11664802085866,Clouds,1.1914541136173629,12.0,619.2249588739271,11.99989667172496,12.0,200.0,169.86837720236508,0.002065512131308944,-159.1188923456478,21.480246517422973,0.056816704876179194
54564.0,0.04756475932597615,1.4385082882888351,171.1583272867236,Clouds,1.1962582649332207,12.0,621.8403601181667,11.999893957787357,12.0,200.0,169.9049862669301,0.002074236170805093,-159.16063057478195,21.438508288288833,0.05708275486027846
54565.0,0.048380634404327105,1.3958479258278087,171.2009294365899,Clouds,1.201194688467889,12.0,624.5231319387567,11.99989127843764,12.0,200.0,169.94237872281334,0.002083184934354675,-159.20329093724297,21.39584792582781,0.05735602530865357
54566.0,0.04922099098051075,1.3522891985768797,171.2444307077945,Clouds,1.2062624331193585,12.0,627.2724067942929,11.999888633944776,12.0,200.0,169.98053181672788,0.002092355528151055,-159.2468496644939,21.35228919857688,0.0576364579472331
54567.0,0.050085767899033684,1.307855855290426,171.28880735653325,Clouds,1.211460546420238,12.0,630.0873109570306,11.999886024535218,12.0,200.0,170.0194228157024,0.002101745037752186,-159.29128300778035,21.307855855290427,0.057923994410618955
54568.0,0.05097489000980154,1.2625715906246435,171.33403569220403,Clouds,1.216788076003266,12.0,632.9669655589117,11.999883450394181,12.0,200.0,170.05902903987027,0.0021113505315697827,-159.33656727244613,21.262571590624646,0.058218576330443327
54569.0,0.05188826777590838,1.2164600147521927,171.3800921078215,Clouds,1.2222440707495874,12.0,635.9104874566834,11.999880911666997,12.0,200.0,170.0993278916671,0.0021211690637550442,-159.3826788483186,21.216460014752194,0.05852014540483551
54570.0,0.052825797121489326,1.1695446153069173,171.4269531180958,Clouds,1.2278275829991563,12.0,638.9169906575273,11.999878408460198,12.0,200.0,170.14029689157016,0.0021311976789540428,-159.42959424776387,21.16954461530692,0.05882864352648253
54571.0,0.05378735906301152,1.121848734836894,171.4745953820157,Clouds,1.233537669078438,12.0,641.9855868278723,11.999875940843175,12.0,200.0,170.18191370011988,0.002141433414004939,-159.4772901282339,21.121848734836895,0.05914401281739015
54572.0,0.054772819528067285,1.073395543178815,171.5229957305051,Clouds,1.2393733905718642,12.0,645.1153861931462,11.999873508849623,12.0,200.0,170.2241561442293,0.002151873300939232,-159.52574331989197,21.073395543178815,0.05946619570388009
54573.0,0.05578202943319671,1.0242080016910076,171.57213120221343,Clouds,1.245333816742112,12.0,648.305499038797,11.999871112478596,12.0,200.0,170.2670022504169,0.0021625143719886278,-159.57493086137978,21.024208001691008,0.05979513505440777
54574.0,0.056814838070080975,0.9743088557320987,171.62197905108331,Clouds,1.251418023687339,12.0,651.5550354559426,11.999868751696654,12.0,200.0,170.31043025325806,0.0021733536587366137,-159.6248300073387,20.9743088557321,0.060130774137905296
54575.0,0.057871036717939195,0.9237205949180656,171.67251678611137,Clouds,1.257625097555145,12.0,654.8631072426178,11.99986642643869,12.0,200.0,170.3544186317519,0.0021843881984603426,-159.67541826815273,20.923720594918066,0.06047305680430044
54576.0,0.05895044607142513,0.872465441687456,171.7237221828236,Clouds,1.2639541344741976,12.0,658.2288280405833,11.99986413660979,12.0,200.0,170.39894612086601,0.002195615034586972,-159.72667342138334,20.872465441687456,0.06082192748336494
54577.0,0.06005285623318202,0.8205653293514571,171.77557330525576,Clouds,1.2704042419081794,12.0,661.6513142202273,11.999861882086647,12.0,200.0,170.443991732084,0.002207031219645383,-159.77857353371934,20.82056532935146,0.06117733126359416
54578.0,0.061178042329497806,0.768041886707619,171.82804852137352,Clouds,1.2769745393464207,12.0,665.129685401878,11.999859662719109,12.0,200.0,170.4895347680959,0.0022186338170050893,-159.83109697636317,20.768041886707618,0.06153921393120079
54579.0,0.062325764934044625,0.7149164114425853,171.88112652969482,Clouds,1.2836641605489831,12.0,668.6630657858084,11.999857478331347,12.0,200.0,170.53555484704896,0.002230419905312656,-159.8842224516282,20.714916411442587,0.06190752209693839
54580.0,0.06349576993720746,0.6612098730957278,171.93478635637032,Clouds,1.2904722522184784,12.0,672.2505835854648,11.999855328723871,12.0,200.0,170.58203190102788,0.0022423865766011525,-159.93792898997506,20.66120987309573,0.06228220312395411
54581.0,0.06468778923030821,0.6069428817410925,171.98900738652037,Clouds,1.2973979771217667,12.0,675.8913727963976,11.999853213674422,12.0,200.0,170.6289462040972,0.0022545309421906725,-159.9921959813297,20.60694288174109,0.06266320530137877
54582.0,0.06590154076894333,0.5521356888321772,172.0437693634295,Clouds,1.3044405132829273,12.0,679.5845728846148,11.99985113293976,12.0,200.0,170.67627837234608,0.0022668501316487916,-160.04700317423863,20.552135688832177,0.06305047780050267
54583.0,0.0671367292438585,0.49680816350689405,172.09905241226352,Clouds,1.3115990564339242,12.0,683.329330174035,11.999849086256685,12.0,200.0,170.7240093850186,0.002279341297418613,-160.10233069956388,20.49680816350689,0.06344397081098502
54584.0,0.06839304609399743,0.4409798016238859,172.15483703107378,Clouds,1.3188728183730425,12.0,687.124797082734,11.999847073343915,12.0,200.0,170.77212057725106,0.0022920016122711597,-160.15815906144692,20.440979801623882,0.06384363544969923
54585.0,0.06967017043346385,0.3846696965991998,172.21110411997674,Clouds,1.3262610303855684,12.0,690.9701339922847,11.999845093902817,12.0,200.0,170.8205936656408,0.0023048282755408233,-160.2144691664716,20.3846696965992,0.06424942395037223
54586.0,0.07095351576383824,0.3285178255295773,172.26721369507084,Clouds,1.3331416693214075,12.0,694.8645082162735,11.99984314761927,12.0,200.0,170.8694107362042,0.0023178185096847017,-160.27062103754122,20.32851782552958,0.06466128954524049
54587.0,0.07220314831975899,0.2742418517652257,172.32144808588018,Clouds,1.3378146337085024,12.0,698.8070956481439,11.99984123416442,12.0,200.0,170.91855426553883,0.002330969565779216,-160.32489701130555,20.274241851765225,0.0650791866328498
54588.0,0.07347050816287487,0.21958470155909748,172.37606435873886,Clouds,1.3425541746095302,12.0,702.7970801948602,11.999839353196215,12.0,200.0,170.968007113419,0.0023442787216310166,-160.3795541615117,20.2195847015591,0.06550307071034467
54589.0,0.07475524343876988,0.16456294974122684,172.43104593113512,Clouds,1.3473604951586604,12.0,706.8336550270558,11.99983750436027,12.0,200.0,171.01775253747513,0.002357743285947026,-160.43457591332955,20.164562949741228,0.06593289850130027
54590.0,0.07605699333356025,0.10919283152604606,172.4863765599365,Clouds,1.3522337506563442,12.0,710.9160217439563,11.999835687291357,12.0,200.0,171.067774181419,0.002371360595548926,-160.48994603154472,20.109192831526045,0.06636862786116857
54591.0,0.07737538882029282,0.05349023075927088,172.5420403531628,Clouds,1.3571740520322635,12.0,715.0433911905187,11.999833901614311,12.0,200.0,171.118056083272,0.002385128018098837,-160.54564863231153,20.053490230759273,0.06681021785853519
54592.0,0.0787100533660196,-0.0025293285737984137,172.59802177849693,Clouds,1.3621814691224894,12.0,719.2149840823769,11.999832146944922,12.0,200.0,171.16858268053463,0.0023990429541839134,-160.6016681916446,19.9974706714262,0.06725762883980724
54593.0,0.08006060334005771,-0.0588506770629733,172.6543056580257,Clouds,1.3672560327734278,12.0,723.4300306430223,11.999830422891124,12.0,200.0,171.21933880286707,0.0024131028361061113,-160.65798954013377,19.941149322937026,0.06771082238517215
54594.0,0.08142664867157112,-0.11545900417887961,172.71087717256472,Clouds,1.372397737820257,12.0,727.6877709792045,11.999828729053892,12.0,200.0,171.27030967339692,0.0024273051291343844,-160.71459786724967,19.88454099582112,0.06816976134752117
54595.0,0.08280780404507554,-0.17233985928613504,172.76772186269136,Clouds,1.3776065457866222,12.0,731.987455244088,11.99982706502814,12.0,200.0,171.32148090703777,0.0024416473320489204,-160.7714787223569,19.827660140713867,0.06863440986695764
54596.0,0.08420364580819895,-0.22947914932896576,172.82482562645012,Clouds,1.3828823872749325,12.0,736.3283435765201,11.99982543040363,12.0,200.0,171.37283850581179,0.0024561269769385594,-160.82861801239974,19.770520850671033,0.0691047333634103
54597.0,0.0856137802913412,-0.28686314906260735,172.88217472959724,Clouds,1.3882251655034699,12.0,740.7097070230595,11.99982382476559,12.0,200.0,171.4243688654594,0.0024707416322763513,-160.8860020121334,19.713136850937392,0.06958069863432421
54598.0,0.0870377975239896,-0.3444784816710881,172.93975578624367,Clouds,1.3936347570711067,12.0,745.1308262323963,11.999822247695864,12.0,200.0,171.47605875545807,0.0024854888985646074,-160.94361734474188,19.65552151832891,0.07006227371451396
54599.0,0.08847528428260654,-0.4023121357547188,172.9975557758504,Clouds,1.3991110160659745,12.0,749.5909929439881,11.999820698773267,12.0,200.0,171.52789533174766,0.0025003664133004576,-161.0014509988255,19.59768786424528,0.07054942803676163
54600.0,0.08992582441545888,-0.4603514527610896,173.05556203067886,Clouds,1.404653775379562,12.0,754.0895092459001,11.999819177574489,12.0,200.0,171.57986612294695,0.002515371848500272,-161.05949031583185,19.53964854723891,0.07104213235234906
54601.0,0.09138899948190427,-0.5185841271210314,173.11376223594053,Clouds,1.4102628491538995,12.0,758.6256878215574,11.99981768367472,12.0,200.0,171.6319590280272,0.0025305029115227353,-161.11772299019182,19.48141587287897,0.07154035875942755
54602.0,0.09286438931625746,-0.5769982032960747,173.1721444268575,Clouds,1.4159380348877935,12.0,763.1988519796156,11.999816216648247,12.0,200.0,171.68416231126156,0.0025457573451684885,-161.17613706636686,19.423001796703925,0.07204408070816012
54603.0,0.09435157257958454,-0.6355820724196565,173.23069698531629,Clouds,1.421679115445614,12.0,767.8083356695831,11.999814776069035,12.0,200.0,171.73646459686557,0.0025611329277322355,-161.23472093549043,19.364417927580345,0.07255327300510428
54604.0,0.09585012722913383,-0.6943244658702592,173.28940863345392,Clouds,1.427485860701013,12.0,772.4534832703546,11.999813361511324,12.0,200.0,171.78885486096064,0.002576627472297367,-161.29346332894104,19.30567553412974,0.07306791179226718
54605.0,0.09735963131488545,-0.7532144618835528,173.34826844027677,Clouds,1.4333580304152114,12.0,777.1336504251318,11.999811972549939,12.0,200.0,171.84132243521756,0.0025922388295209608,-161.35235332495432,19.24678553811645,0.07358797464403095
54606.0,0.09887966300879047,-0.8122414624411258,173.40726579856727,Clouds,1.439295374097755,12.0,781.8482025350993,11.999810608761106,12.0,200.0,171.89385698406664,0.002607964882609219,-161.4113803255119,19.187758537558874,0.07411344040290652
54607.0,0.10040980157421348,-0.8713952073034205,173.4663904389187,Clouds,1.4452976344976602,12.0,786.5965162079258,11.999809269722551,12.0,200.0,171.94644851507513,0.002623803552149153,-161.4705340703742,19.128604792696578,0.07464428934590024
54608.0,0.10194962756516057,-0.9306657583862195,173.525632414125,Clouds,1.4513645480750237,12.0,791.377978362578,11.999807955014107,12.0,200.0,171.9990873629604,0.0026397527931225607,-161.529804621457,19.06933424161378,0.07518050308955057
54609.0,0.10349872334972815,-0.9900434972956842,173.58498209672294,Clouds,1.4574958467165822,12.0,796.1919863859084,11.999806664218033,12.0,200.0,172.05176418539367,0.0026558105954283496,-161.58918236036646,19.009956502704316,0.07572206461269006
54609.782,0.10471630664767012,-1.0365455523407023,173.63146256792163,Clouds,1.4623352082328873,12.0,799.978834486254,11.999805671208495,12.0,200.0,172.09297807798913,0.002668442161030795,-161.63568441541148,18.9634544476593,0.07614928169962691
60433.315225614,0.10468661979307592,-1.0354134682468465,173.6308105539428,Clouds,1.4614697308311482,12.0,799.9982924785528,12.000172241006071,12.0,200.0,172.09318934347638,0.0026685070659067506,-161.63455233131765,18.964586531753152,0.07615147963526489
60434.0,0.10374186042569994,-0.9993410662575287,173.59476053049718,Clouds,1.4577068521311878,12.0,797.0604852139587,12.000171211320929,12.0,200.0,172.0612337275446,0.0026587075956859417,-161.59847992932833,19.00065893374247,0.07581995082140841
60435.0,0.10237150352853874,-0.9468608524825549,173.54231344634601,Clouds,1.452268069559136,12.0,792.8021779320817,12.00016968694562,12.0,200.0,172.01470483369675,0.002644503411530392,-161.54599971555336,19.053139147517445,0.07534054309015245
60436.0,0.1010125214231068,-0.8946251000098753,173.49011136299637,Clouds,1.4468963521437082,12.0,788.5822629893689,12.000168137734715,12.0,200.0,171.96834823434202,0.0026304272904336,-161.49376396308068,19.105374899990125,0.07486677651064604
60437.0,0.09966527632816269,-0.8426451292536978,173.43816560744068,Clouds,1.4415919817501066,12.0,784.4013644425802,12.00016656338495,12.0,200.0,171.92217495160773,0.0026164813140248516,-161.44178399232447,19.157354870746303,0.0743986740828388
60438.0,0.09833012951318892,-0.7909325333958717,173.38648777934054,Clouds,1.4363552388672276,12.0,780.2601140673053,12.000164963597568,12.0,200.0,171.8761962805516,0.0026026675896806757,-161.39007139646665,19.20906746660413,0.07393625992170526
60439.0,0.09700744091533098,-0.7394991786273926,173.3350897512564,Clouds,1.4311864019852596,12.0,776.1591512311863,12.000163338078881,12.0,200.0,171.8304237900265,0.0025889882501019634,-161.33863804169818,19.26050082137261,0.07347955924462882
60440.0,0.09569756850962735,-0.6883571945306344,173.28398365902262,Clouds,1.4260857460390064,12.0,772.0991220022489,12.000161686540576,12.0,200.0,171.78486931471215,0.0025754454503396774,-161.2874960576014,19.311642805469365,0.07302859827146845
60441.0,0.09440086834913292,-0.6375189902690541,173.23318191791233,Clouds,1.421053543488076,12.0,768.0806803292063,12.00016000870087,12.0,200.0,171.7395449700659,0.0025620413717319275,-161.23665785333984,19.362481009730946,0.0725834043583595
60442.0,0.09311769368769673,-0.5869972346605906,173.18269720270973,Clouds,1.4160900618490229,12.0,764.1044863686395,12.000158304284568,12.0,200.0,171.69446313504676,0.0025487782163240397,-161.18613609773138,19.41300276533941,0.07214400581396607
60443.0,0.09184839507085812,-0.5368048737144436,173.13254246521893,Clouds,1.4111955650125694,12.0,760.171207799772,12.00015657302433,12.0,200.0,171.6496364681596,0.002535658211254174,-161.13594373678524,19.46319512628556,0.07171043204678745
60444.0,0.09059331952529542,-0.4869551122926854,173.08273091592196,Clouds,1.4063703110958372,12.0,756.2815183267392,12.000154814660851,12.0,200.0,171.60507789142216,0.002522683603757434,-161.0860939753635,19.513044887707313,0.07128271340397284
60445.0,0.08935281040889242,-0.4374614211824918,173.03327603102866,Clouds,1.4016145528768162,12.0,752.4360982055165,12.000153028943881,12.0,200.0,171.56080059692044,0.00250985666292351,-161.03660028425327,19.56253857881751,0.07086088123140963
60446.0,0.08812720696441179,-0.3883375318715587,172.98419154723703,Clouds,1.3969285371112614,12.0,748.6356338238188,12.00015121563293,12.0,200.0,171.5168180422923,0.0024971796782953717,-160.98747639494235,19.61166246812844,0.07044496783345566
60447.0,0.08691684399403532,-0.3395974354110701,172.9354914605783,Clouds,1.3923125043455673,12.0,744.880817622876,12.000149374498076,12.0,200.0,171.47314394976485,0.002484654959608343,-160.93873629848187,19.66040256458893,0.07003500646792153
60448.0,0.08572205125819121,-0.29125536935188623,172.8871900133425,Clouds,1.3877666877119594,12.0,741.1723471250971,12.000147505320465,12.0,200.0,171.42979229438583,0.0024722848335467368,-160.89039423242266,19.708744630648113,0.06963103124471673
60449.0,0.08454315350188135,-0.2433258290960565,172.83930170539998,Clouds,1.3832913141505054,12.0,737.5109258649577,12.000145607893689,12.0,200.0,171.38677731401515,0.00246007164684896,-160.84246469216683,19.756674170903942,0.06923307723430241
60450.0,0.08338046970295138,-0.1958235468677456,172.79184127316626,Clouds,1.378886602708894,12.0,733.897261856071,12.00014368202406,12.0,200.0,171.3441134901513,0.002448017761194216,-160.79496240993853,19.804176453132253,0.06884118030603567
60451.0,0.08223431294851458,-0.14876349500274724,172.74482369286648,Clouds,1.3745527652746987,12.0,730.3320679532326,12.000141727531773,12.0,200.0,171.301815550417,0.002436125554410153,-160.74790235807353,19.851236504997253,0.06845537717478993
60452.0,0.08110497768434599,-0.10216087726115877,172.69826417183054,Clouds,1.370290006335654,12.0,726.8160613217735,12.000139744251708,12.0,200.0,171.2598984601443,0.00242439741870282,-160.70129974033193,19.89783912273884,0.06807570535056538
60453.0,0.0799927875139691,-0.05603112175675179,172.65217814140306,Clouds,1.3660985230570066,12.0,723.3499630597373,12.000137732034327,12.0,200.0,171.21837741523976,0.00241283575939638,-160.65516998482752,19.943968878243247,0.06770220310632083
60454.0,0.07889802461331069,-0.010389875352875512,172.6065812513181,Clouds,1.3619785056687999,12.0,719.934497957279,12.000135690746644,12.0,200.0,171.17726783618966,0.0024014429941305562,-160.60952873842368,19.989610124647122,0.06733490945963926
60455.0,0.07782097501327506,0.0347470112225617,172.56148935479973,Clouds,1.3579301372024384,12.0,716.5703935900997,12.000133620272893,12.0,200.0,171.13658535351337,0.002390221549836653,-160.5643918518482,20.03474701122256,0.0669738640839246
60456.0,0.0767619173287773,0.07936348599995746,172.5169185059137,Clouds,1.3539535945358692,12.0,713.2583803617133,12.000131520515698,12.0,200.0,171.09634580405444,0.002379173862878543,-160.5197753770708,20.07936348599996,0.0666191073233793
60457.0,0.07572112245624424,0.1234433077829792,172.47288494753394,Clouds,1.3500490487992787,12.0,709.9991908699375,12.00012939139693,12.0,200.0,171.05656521859987,0.002368302376939508,-160.4756955552878,20.123443307782978,0.06627068013480088
60458.0,0.07469885334566467,0.16697005669049875,172.42940510078054,Clouds,1.3462166661361104,12.0,706.7935594151338,12.000127232858635,12.0,200.0,171.01725981059968,0.0023576095413819042,-160.43216880638028,20.1669700566905,0.06592862404475809
60459.0,0.07369536479523248,0.20992714543857033,172.3864955537174,Clouds,1.3424566086286858,12.0,703.6422214838382,12.000125044863962,12.0,200.0,170.97844596398218,0.0023470978095247418,-160.3892117176322,20.20992714543857,0.06559298110653453
60460.0,0.07271090331692565,0.2522978293362271,172.34417305133408,Clouds,1.3387690355759783,12.0,700.5459133561358,12.0001228273982,12.0,200.0,170.94014022188918,0.0023367696373340244,-160.34684103373456,20.25229782933623,0.06526379386891212
60461.0,0.0717457068401739,0.29406522507613714,172.30245447674136,Clouds,1.3351541042490522,12.0,697.5053711008545,12.000120580469419,12.0,200.0,170.90235926721044,0.002326627480071078,-160.30507363799467,20.29406522507614,0.06494110528188293
60462.0,0.07079219952617821,0.33555285640357063,172.26101630547572,Clouds,1.3312714336038058,12.0,694.5213304373613,12.00011830410968,12.0,200.0,170.86511991317786,0.0023166737918315517,-160.26358600666723,20.33555285640357,0.06462495869406094
60463.0,0.06981658097379456,0.3782420138474557,172.2183772457515,Clouds,1.3256227622965402,12.0,691.5945259767844,12.00011599837582,12.0,200.0,170.82843908566926,0.0023069110230144094,-160.22089684922332,20.378242013847455,0.06431539778567323
60464.0,0.06886256670657326,0.42022702974085785,172.1764429634203,Clouds,1.320096690472655,12.0,688.7256905914187,12.000113663350374,12.0,200.0,170.79233380643353,0.00229734161821849,-160.17891183332992,20.420227029740857,0.06401246651411457
60465.0,0.06793034828897349,0.4614900506364089,172.13523130953487,Clouds,1.314693923386798,12.0,685.9155548952182,12.000111299142532,12.0,200.0,170.75682117707402,0.002287968014509619,-160.1376488124344,20.461490050636407,0.06371620907403555
60466.0,0.06702010693782179,0.5020131653345221,172.09476019231147,Clouds,1.3094151688676128,12.0,683.1648460349268,12.00010890588857,12.0,200.0,170.72191835366073,0.002278792637388252,-160.09712569773626,20.502013165334525,0.06342666978312964
60467.0,0.06613201384301232,0.5417784117172881,172.05504757026284,Clouds,1.3042611381135196,12.0,680.4742879299148,12.000106483753386,12.0,200.0,170.68764253902714,0.0022698179015894883,-160.0573604513535,20.54177841171729,0.06314389312214357
60468.0,0.06526622990296188,0.5807678119112323,172.0161114170338,Clouds,1.2992325428874263,12.0,677.8445996279353,12.000104032930556,12.0,200.0,170.65401095056967,0.002261046205598459,-160.01837105115956,20.58076781191123,0.06286792357672565
60469.0,0.06442290601588474,0.6189633850408124,171.977969708621,Clouds,1.294330095721442,12.0,675.276495224549,12.000101553643606,12.0,200.0,170.62104080725481,0.002252479931381559,-159.98017547802996,20.61896338504081,0.06259880564472238
60470.0,0.06360218298137843,0.6563471797830077,171.94064039081442,Clouds,1.289554507653603,12.0,672.7706824851304,12.000099046146149,12.0,200.0,170.58874929945492,0.0022441214397899575,-159.94279168328777,20.656347179783005,0.06233658370587489
60471.0,0.06280419192200204,0.6929012856453367,171.904141367889,Clouds,1.2849064887796238,12.0,670.3278629372846,12.000096510723317,12.0,200.0,170.55715357706035,0.0022359730708678624,-159.90623757742546,20.692901285645338,0.06208130204900475
60472.0,0.06202905417334298,0.7286078705953575,171.8684904649786,Clouds,1.2803867455176563,12.0,667.9487302319841,12.000093947691585,12.0,200.0,170.5262707147462,0.002228037138385863,-159.87053099247544,20.728607870595358,0.06183300471474594
60473.0,0.06127688164432571,0.7634491994426646,171.83370540967366,Clouds,1.27599598041235,12.0,665.6339698328328,12.000091357399732,12.0,200.0,170.49611769378058,0.0022203159288044293,-159.83568966362813,20.76344919944266,0.06159173548076106
60474.0,0.06054777700708863,0.7974076620105396,171.79980380384075,Clouds,1.2717348907634232,12.0,663.3842580831047,12.000088740229224,12.0,200.0,170.4667113752975,0.002212811698161882,-159.80173120106025,20.79740766201054,0.06135753777978789
60475.0,0.059841833989300375,0.8304657985315846,171.76680309821626,Clouds,1.2676041676744054,12.0,661.2002614899026,12.000086096594714,12.0,200.0,170.43806847589966,0.002205526669686609,-159.7686730645392,20.830465798531584,0.06113045464218181
60476.0,0.05915913755482438,0.8626063321165742,171.73472055993807,Clouds,1.2636044942818736,12.0,659.0826355705057,12.000083426944036,12.0,200.0,170.41020553706392,0.002198463029948891,-159.7365325309542,20.862606332116577,0.06091052859227491
60477.0,0.05849976432045789,0.8938121918975251,171.7035732493892,Clouds,1.259736545208566,12.0,657.032024342913,12.000080731758807,12.0,200.0,170.3831389025692,0.00219162292716154,-159.70532667117325,20.893812191897524,0.06069780161142092
60478.0,0.05786378285384797,0.9240665432505797,171.67337798997386,Clouds,1.2560009851800535,12.0,655.0490593713907,12.000078011554471,12.0,200.0,170.3568846897373,0.002185008467996185,-159.6750723198202,20.924066543250582,0.0604923150564813
60479.0,0.05725125405903503,0.9533528152802179,171.6441513406289,Clouds,1.252398468025585,12.0,653.1343590135277,12.000075266880526,12.0,200.0,170.33145876300517,0.002178621715071724,-159.64578604779058,20.95335281528022,0.06029410959814453
60480.0,0.056662231430854415,0.9816547358087075,171.6159095608451,Clouds,1.248929634793709,12.0,651.288527194363,12.000072498320002,12.0,200.0,170.30687670094164,0.0021724646828652477,-159.61748412726206,20.981654735808707,0.060103225109727
60481.0,0.05609674669028969,1.0089563506709909,171.588668591356,Clouds,1.2455951138217483,12.0,649.512153220095,12.000069706490239,12.0,200.0,170.28315377686883,0.0021665393370906448,-159.5901825123998,21.008956350670992,0.059919700665421814
60482.0,0.055554868927308265,1.0352420619139018,171.56244401595873,Clouds,1.242395518504778,12.0,647.805810366571,12.000066892041954,12.0,200.0,170.26030492304403,0.0021608475899903092,-159.5638968011569,21.035242061913905,0.05974357440990795
60483.0,0.05503661807222532,1.0604966568635548,171.5372510324535,Clouds,1.2393314462018508,12.0,646.1700550729489,12.000064055658934,12.0,200.0,170.23834470276014,0.002155391297645483,-159.53864220620721,21.060496656863556,0.05957488349147849
60484.0,0.05454202253222318,1.0847053297701545,171.51310443099106,Clouds,1.2364034780378974,12.0,644.6054266165105,12.000061198058386,12.0,200.0,170.21728728890906,0.002150172258891551,-159.51443353330063,21.084705329770156,0.059413664044095926
60485.0,0.0540711054078063,1.1078537200975476,171.49001855581326,Clouds,1.233612176679121,12.0,643.1124457061957,12.000058319989565,12.0,200.0,170.19714642807614,0.0021451922106265784,-159.49128514297325,21.10785372009755,0.05925995105798117
60486.0,0.05362388504236082,1.1299279362237429,171.4680072815548,Clouds,1.2309580858610778,12.0,641.6916140157606,12.000055422233665,12.0,200.0,170.17793541734665,0.00214045282625409,-159.46921092684704,21.129927936223744,0.0591137783470401
60487.0,0.05320037544054351,1.1509145852026228,171.44708398349977,Clouds,1.2284417291543588,12.0,640.343413312972,12.000052505602984,12.0,200.0,170.15966707587157,0.002135955712778378,-159.44822427786815,21.15091458520262,0.05897517847384264
60488.0,0.05280058673335419,1.170800799660159,171.42726151070087,Clouds,1.226063609038621,12.0,639.0683047583354,12.000049570940217,12.0,200.0,170.14235371897055,0.0021317024084653107,-159.42833806341065,21.17080079966016,0.05884418269168427
60489.0,0.052424525555400225,1.1895742682358272,171.4085521555661,Clouds,1.223824205506865,12.0,637.8667279564814,12.00004661911716,12.0,200.0,170.12600712919803,0.0021276943796780952,-159.40956459483496,21.189574268235827,0.05872082086122331
60490.0,0.052072195545512734,1.2072232588228267,171.3909676306331,Clouds,1.221723975474218,12.0,636.7391004455461,12.000043651034058,12.0,200.0,170.11063853374702,0.0021239330191740384,-159.39191560424797,21.20722325882283,0.058605121411878444
60491.0,0.05174359774974424,1.2237366453225993,171.37451904184184,Clouds,1.2197633516993511,12.0,635.6858169315454,12.000040667618332,12.0,200.0,170.09625857886735,0.002120419643550691,-159.3754022177482,21.2237366453226,0.058497111275102355
60492.0,0.05143873105161206,1.239103931465888,171.35921686473776,Clouds,1.2179427419790376,12.0,634.7072486770156,12.000037669823483,12.0,200.0,170.08287730692348,0.0021171554912065723,-159.3600349316049,21.239103931465884,0.05839681583522084
60493.0,0.05115759250515356,1.2533152777136267,171.34507091761168,Clouds,1.2162625278938337,12.0,633.8037426558551,12.000034658627216,12.0,200.0,170.0705041308646,0.0021141417195220274,-159.34582358535715,21.253315277713625,0.05830425885325344
60494.0,0.05090017784718526,1.2663615170521303,171.3320903457121,Clouds,1.214723064771864,12.0,632.9756213734947,12.000031635031094,12.0,200.0,170.05914781847994,0.0021113794042593786,-159.33277734601864,21.26636151705213,0.05821946246026596
60495.0,0.05066648168881943,1.278234184708227,171.3202835915958,Clouds,1.213324679905417,12.0,632.2231817547172,12.000028600057508,12.0,200.0,170.0488164646368,0.0021088695358530904,-159.32090467836255,21.278234184708225,0.05814244705360615
60496.0,0.05045649802196345,1.2889255294168103,171.3096583838629,Clouds,1.2120676728318642,12.0,631.5466951548668,12.000025554749573,12.0,200.0,170.03951747972425,0.002106613019447163,-159.31021333365396,21.288925529416808,0.05807323130681076
60497.0,0.0502702204103575,1.298428537964711,171.30022171267595,Clouds,1.2109523139299319,12.0,630.9464064730989,12.00002250016822,12.0,200.0,170.03125756665696,0.002104610671937247,-159.30071032510608,21.29842853796471,0.058011832089049906
60498.0,0.050107642392311635,1.3067369460649227,171.29197981889777,Clouds,1.209978844496077,12.0,630.4225340759377,12.000019437391638,12.0,200.0,170.0240427099382,0.0021028632217156636,-159.29240191700586,21.306736946064923,0.05795826446352726
60499.0,0.049968757618566007,1.313845259643398,171.2849381728771,Clouds,1.209147475464862,12.0,629.9752690003994,12.000016367511957,12.0,200.0,170.01787815579715,0.0021013713060133066,-159.2852936034274,21.313845259643397,0.05791254161514271
60500.0,0.049853560205007086,1.3197487619048514,171.2791014673915,Clouds,1.2084583876555084,12.0,629.6047749940066,12.000013291634838,12.0,200.0,170.01276840487776,0.002100135471033119,-159.27939010116594,21.31974876190485,0.057874674858226643
60501.0,0.04976204484665353,1.324443529201601,171.27447360184678,Clouds,1.2079117308414293,12.0,629.3111879316598,12.000010210876324,12.0,200.0,170.00871719741986,0.002099156170004983,-159.2746953338692,21.324443529201602,0.057844673585500515
60502.0,0.04969420706136041,1.3279264367391863,171.27105767658924,Clouds,1.2075076238572786,12.0,629.0946158065343,12.000007126362032,12.0,200.0,170.00572750746372,0.002098433763155357,-159.2712124263316,21.327926436739183,0.05782254526824089
60503.0,0.049650043246960096,1.3301951702169832,171.2688559813409,Clouds,1.2072461538590245,12.0,628.9551382764856,12.000004039223654,12.0,200.0,170.00380153206567,0.0020979685161942453,-159.2689436928538,21.33019517021698,0.05780829541619758
60504.0,0.049629550856141846,1.3312482277114037,171.26786999332865,Clouds,1.2071273765628856,12.0,628.8928067536482,12.000000950598388,12.0,200.0,170.00294068917776,0.0020977606006140695,-159.26789063535938,21.331248227711406,0.0578019275880055
60505.0,0.04963453551178065,1.330992057383471,171.26810037123198,Clouds,1.2071513158314608,12.0,628.9076441548856,11.99999786162574,12.0,200.0,170.00314561203268,0.0020978100928572578,-159.2681468056873,21.330992057383472,0.05780344336787604
60506.0,0.04966399369510027,1.329478413699008,171.269546954711,Clouds,1.207317963751123,12.0,628.9996449320691,11.999994773446012,12.0,200.0,170.00441614859062,0.0020981169744172454,-159.26966044937177,21.329478413699007,0.05781284236923476
60507.0,0.04971712379751975,1.3267495846236952,171.27220876449456,Clouds,1.2076272806109616,12.0,629.1687750632323,11.999991687198039,12.0,200.0,170.00675136164998,0.002098681131808967,-159.2723892784471,21.3267495846237,0.05783012223363283
60508.0,0.04979392857349341,1.3228073906532867,171.2760840047457,Clouds,1.2080791949847542,12.0,629.4149721135607,11.999988604017242,12.0,200.0,170.01014953112488,0.0020995023567722997,-159.2763314724175,21.32280739065329,0.057855278636069915
60509.0,0.04989441176492887,1.3176544643815726,171.28117006740302,Clouds,1.208673603881826,12.0,629.738145347732,11.99998552503316,12.0,200.0,170.01460815822702,0.002100580346646786,-159.28148439868923,21.317654464381572,0.057888305294193546
60510.0,0.050018577988634294,1.3112942439783717,171.28746353866666,Clouds,1.209410372988566,12.0,630.1381759051513,11.999982451367782,12.0,200.0,170.02012397169497,0.0021019147049561576,-159.28784461909243,21.311294243978374,0.057929193983127084
60511.0,0.05016643258174547,1.3037309651371933,171.29496020700702,Clouds,1.210289336930345,12.0,630.6149169999244,11.999979384133532,12.0,200.0,170.0266929355243,0.002103504942075375,-159.2954078979336,21.30373096513719,0.0579779345523619
60512.0,0.05033798143284096,1.2949696501663825,171.30365507401882,Clouds,1.2113102997132081,12.0,631.1681942314162,11.999976324430769,12.0,200.0,170.03431025935313,0.0021053504762665386,-159.3041692129044,21.294969650166383,0.058034514952491546
60513.0,0.050533230742773105,1.2850160971977709,171.31354236519113,Clouds,1.2124730350051942,12.0,631.7978058212616,11.999973273346782,12.0,200.0,170.04297040893283,0.002107450634469469,-159.31412276587304,21.28501609719777,0.058098921253093815
60514.0,0.05075218680632693,1.273876864987146,171.3246155450455,Clouds,1.2137772867864371,12.0,632.5035230623148,11.999970231952984,12.0,200.0,170.05266712057593,0.0021098046537992455,-159.32526199808365,21.273876864987145,0.05817113768313688
60515.0,0.050994855714451004,1.261559258576771,171.336867331449,Clouds,1.2152227697629732,12.0,633.2850906521845,11.99996720130377,12.0,200.0,170.063393415029,0.0021124116826587566,-159.337579604494,21.26155925857677,0.05825114665704653
60516.0,0.051261243078100927,1.2480713108360473,171.3502897140241,Clouds,1.216809170131023,12.0,634.1422272277531,11.999964182434256,12.0,200.0,170.0751416150719,0.002115270782521664,-159.35106755223475,21.24807131083605,0.05833892882114781
60517.0,0.05155135368217906,1.2334217647203358,171.3648739718621,Clouds,1.2185361461335982,12.0,635.0746257987953,11.999961176359003,12.0,200.0,170.08790336263985,0.0021183809293788014,-159.36571709835044,21.233421764720333,0.05843446308863577
60518.0,0.05186519114152466,1.2176200527846133,171.38061069397287,Clouds,1.2204033288224008,12.0,636.0819543029501,11.999958184070326,12.0,200.0,170.10166963846274,0.0021217410155893583,-159.38151881028617,21.21762005278461,0.058537726687759854
60519.0,0.052202757530206534,1.2006762756253946,171.39748980081038,Clouds,1.2224103228380085,12.0,637.163856180555,11.999955206536796,12.0,200.0,170.11643078276398,0.0021253498517983227,-159.3984625874454,21.200676275625394,0.05864869520836757
60520.0,0.05256405297921002,1.1826011797103895,171.41550056641518,Clouds,1.2245567071615018,12.0,638.3199509434087,11.999952244701973,12.0,200.0,170.13217651660267,0.002129206168833669,-159.4165376833604,21.18260117971039,0.05876734265100314
60521.0,0.052949075308488414,1.1634061315253166,171.43463164423093,Clouds,1.2268420362122963,12.0,639.5498349384895,11.999949299482711,12.0,200.0,170.14889596652688,0.0021333086202538474,-159.43573273154547,21.163406131525313,0.05889364149176227
60522.0,0.05335781957315444,1.143103094298877,171.45487109036227,Clouds,1.229265840558478,12.0,640.853081910933,11.999946371768372,12.0,200.0,170.16657768707586,0.0021376557842256757,-159.45603576877193,21.143103094298876,0.05902756272795957
60523.0,0.05379027762895233,1.1217046022637815,171.47620638928944,Clouds,1.2318276278459661,12.0,642.2292436921484,11.999943462419703,12.0,200.0,170.1852096855076,0.00214224616581965,-159.477434260807,21.121704602263783,0.05916907593588365
60524.0,0.05424643774159055,1.0992237315281643,171.49862448296687,Clouds,1.2345268840714225,12.0,643.6778510787094,11.999940572267471,12.0,200.0,170.20477944954789,0.0021470781999416056,-159.49991513154262,21.099223731528163,0.059318149347580985
60525.0,0.05472628411796138,1.0756740738551314,171.52211179703013,Clouds,1.237363074456004,12.0,645.1984145023309,11.999937702111836,12.0,200.0,170.22527397266924,0.0021521502535675227,-159.52346478921567,21.075674073855133,0.05947474990487739
60526.0,0.05522979638351394,1.0510697123134078,171.54665426513927,Clouds,1.2403356440462237,12.0,646.7904245591869,11.999934852722072,12.0,200.0,170.24667977779248,0.002157460627509138,-159.54806915075739,21.051069712313407,0.059638843300552184
60527.0,0.05575694932125991,1.0254251836518415,171.57223736656192,Clouds,1.2434440198847334,12.0,648.4533533837528,11.999932024834633,12.0,200.0,170.2689829525744,0.0021630075609965905,-159.57371367941894,21.02542518365184,0.05981039410282072
60528.0,0.05630771222520542,0.9987554593155232,171.59884614517534,Clouds,1.2466876109073044,12.0,650.186654808621,11.999929219153973,12.0,200.0,170.29216916850942,0.002168789232211509,-159.60038340375525,20.998755459315525,0.05998936575861881
60529.0,0.05688206230783893,0.9710759086406369,171.62646524623912,Clouds,1.2500658099808113,12.0,651.9897656725186,11.999926436351073,12.0,200.0,170.31622371554678,0.0021748037626500884,-159.62806295443013,20.971075908640636,0.060175720711505114
60530.0,0.057479928542789605,0.9424022732380295,171.6550789420151,Clouds,1.2535779945828573,12.0,653.8621064035053,11.999923677063595,12.0,200.0,170.34113152698615,0.0021810492190684305,-159.65673658983275,20.94240227323803,0.06036942044607244
60531.0,0.05810127612020244,0.912750636539114,171.6846711622129,Clouds,1.2572235280724837,12.0,655.8030819192527,11.999920941895496,12.0,200.0,170.3668772085751,0.002187523616485551,-159.68638822653168,20.912750636539116,0.06057042556533704
60532.0,0.058746048516688965,0.8821373955408731,171.7152255222439,Clouds,1.2610017607057353,12.0,657.8120823917,11.99991823141698,12.0,200.0,170.39344506568509,0.0021942249207339967,-159.7170014675299,20.882137395540873,0.06077869585312465
60533.0,0.0594141817965082,0.8505792279227304,171.7467253560956,Clouds,1.264912031245503,12.0,659.8884843271175,11.999915546164095,12.0,200.0,170.42081913448126,0.002201151052062549,-159.74855963514807,20.850579227922733,0.060994190368840406
60534.0,0.06010560417107752,0.8180930664114747,171.77915374197428,Clouds,1.268953667709318,12.0,662.0316511865996,11.999912886639096,12.0,200.0,170.44898320676853,0.0022082998872059666,-159.78104579665933,20.818093066411475,0.06121686749643057
60535.0,0.06082023567500461,0.784696068877929,171.81249353220926,Clouds,1.2731259886811086,12.0,664.2409343049011,11.999910253310482,12.0,200.0,170.4779208585063,0.0022156692624498947,-159.81444279419287,20.78469606887793,0.061446685021870895
60536.0,0.061557987841341366,0.7504055899435945,171.84672738164966,Clouds,1.277428304483002,12.0,666.515673732387,11.99990764661315,12.0,200.0,170.5076154769617,0.002223256976439304,-159.8487332731272,20.750405589943593,0.061683600204959776
60537.0,0.06231876336995312,0.7152391544988028,171.88183777415557,Clouds,1.2818599181602617,12.0,668.8551989754471,11.999905066948843,12.0,200.0,170.53805028615648,0.0022310607926482495,-159.883899708572,20.715239154498803,0.06192756983879885
60538.0,0.06310245594331665,0.679214426149068,171.91780705415147,Clouds,1.2864201271653313,12.0,671.2588301022842,11.99990251468613,12.0,200.0,170.56920837663722,0.002239078443068385,-159.91992443692172,20.679214426149066,0.06217855034890815
60539.0,0.06390894989070439,0.6423491845713885,171.95461744928693,Clouds,1.2911082239875304,12.0,673.7258782878022,11.999899990161193,12.0,200.0,170.60107272746538,0.0022473076300265106,-159.9567896784994,20.642349184571387,0.06243649783399774
60540.0,0.0647381199983656,0.6046612980867538,171.99225109787247,Clouds,1.2959234974540412,12.0,676.2556467087214,11.99989749367822,12.0,200.0,170.63362623227664,0.0022557460291703583,-159.99447756498404,20.604661298086754,0.06270136814177123
60541.0,0.06558983128563273,0.5661686998777369,172.03069007267615,Clouds,1.3008652336437865,12.0,678.8474312299743,11.999895025510055,12.0,200.0,170.66685172210686,0.002264391291758161,-160.03297016319306,20.56616869987774,0.06297311692552039
60542.0,0.06646393894922731,0.5268893587603165,172.06991641015827,Clouds,1.3059327175820696,12.0,681.5005214950638,11.999892585898497,12.0,200.0,170.70073199283348,0.0022732410482956974,-160.0722495043105,20.526889358760315,0.06325169974271314
60543.0,0.06736028813573047,0.4868412599797864,172.10991212969668,Clouds,1.3111252337366333,12.0,684.2142013814812,11.999890175055288,12.0,200.0,170.73524982387423,0.0022822929100553995,-160.112297603091,20.486841259979784,0.06353707208581137
60544.0,0.068278713879244,0.44604238079461156,172.15065925801628,Clouds,1.3164420672667525,12.0,686.9877498455504,11.999887793162731,12.0,200.0,170.77038800129287,0.0022915444718944545,-160.15309648227617,20.446042380794612,0.0638291894566663
60545.0,0.0692190410384469,0.40451066843375466,172.19213985124804,Clouds,1.3218825050597394,12.0,689.820441649004,11.999885440374428,12.0,200.0,170.80612933876122,0.0023009933146783965,-160.19462819463706,20.40451066843375,0.06412800742706884
60546.0,0.07018108422600272,0.3622640207074152,172.2343360143377,Clouds,1.3274458365125488,12.0,692.7115479464096,11.999883116816198,12.0,200.0,170.84245669613853,0.0023106370072405544,-160.23687484236336,20.362264020707418,0.06443348168663796
60547.0,0.07115597569676252,0.31969782831761595,172.27685235874395,Clouds,1.3327537859843754,12.0,695.6603374466082,11.999880822586464,12.0,200.0,170.87935300460987,0.00232047311025619,-160.27944103475318,20.31969782831762,0.06474556814972249
60548.0,0.0721089967931699,0.2783177463773888,172.31818323095382,Clouds,1.336317733521012,12.0,698.666076246007,11.999878557757858,12.0,200.0,170.91680127450817,0.0023304991756864244,-160.3208211166934,20.27831774637739,0.06506422292461649
60549.0,0.07308141966670134,0.23632406757019694,172.36012833932594,Clouds,1.3399543137159977,12.0,701.7280293102796,11.999876322377345,12.0,200.0,170.95478462315333,0.002340712751720657,-160.36281479550058,20.236324067570198,0.0653894024566173
60550.0,0.07407301152077533,0.19373376188148195,172.4026707143905,Clouds,1.3436633672104041,12.0,704.8454604872495,11.999874116467662,12.0,200.0,170.99328628366408,0.002351111382819542,-160.4054051011893,20.193733761881482,0.06572106351602908
60551.0,0.07508353111682281,0.15056365942034922,172.44579352603557,Clouds,1.3474447344285176,12.0,708.0176337403421,11.999871940027711,12.0,200.0,171.03228962829107,0.0023616926138293384,-160.44857520365042,20.15056365942035,0.06605916331600964
60552.0,0.07611272862638335,0.10683044955458698,172.48948008440766,Clouds,1.3512982530984776,12.0,711.2438128221157,11.999869793034172,12.0,200.0,171.07177817184322,0.0023724539888929285,-160.49230841351618,20.106830449554586,0.06640365946598514
60553.0,0.0771603460855706,0.06255065609263127,172.53371386473478,Clouds,1.3552237581116764,12.0,714.5232627354738,11.999867675441756,12.0,200.0,171.11173559650757,0.002383393056323898,-160.53658820697817,20.062550656092633,0.0667545101155278
60554.0,0.07822611741986302,0.01774063265208071,172.57847851198704,Clouds,1.3592210798639317,12.0,717.8552497438387,11.99986558718453,12.0,200.0,171.15214575817947,0.0023945073686404703,-160.5813982304187,20.017740632652078,0.0671116739436341
60555.0,0.07930976869920403,-0.02758345008372695,172.6237578536376,Clouds,1.3632900435382045,12.0,721.2390420068604,11.999863528176741,12.0,200.0,171.1929926998834,0.0024057944846860037,-160.62672231315452,19.97241654991627,0.06747511021601746
60556.0,0.08041101837456982,-0.07340561463216783,172.66953590995,Clouds,1.3674304683993155,12.0,724.673910063967,11.999861498313761,12.0,200.0,171.23426066272384,0.0024172519712419415,-160.67254447770296,19.92659438536783,0.06784477882686163
60557.0,0.08152957748856293,-0.11971008432172316,172.71579690161042,Clouds,1.3716421670642855,12.0,728.1591271482347,11.999859497473107,12.0,200.0,171.27593409422406,0.0024288774040747705,-160.71884894739253,19.880289915678276,0.06822064032208053
60558.0,0.0826651608236817,-0.1664812979043856,172.76252526435385,Clouds,1.3759249456154934,12.0,731.6939700571141,11.999857525515068,12.0,200.0,171.31799766275446,0.0024406683708404504,-160.76562016097517,19.833518702095613,0.06860265598389167
60559.0,0.08381744307444994,-0.21370391198215363,172.80970565141695,Clouds,1.380278602807116,12.0,735.277719136972,11.999855582283923,12.0,200.0,171.360436260789,0.00245262247103285,-160.81284277505293,19.786296088017846,0.06899078782082964
60560.0,0.08498612686459639,-0.2613628103852977,172.857322942933,Clouds,1.3847029300820255,12.0,738.909658817089,11.999853667608706,12.0,200.0,171.4032350142344,0.0024647373177649756,-160.86050167345607,19.738637189614703,0.06938499861655333
60561.0,0.08617089677565015,-0.30944311096858323,172.9053622527479,Clouds,1.3891977115268408,12.0,742.5890779780825,11.999851781304118,12.0,200.0,171.44637928925886,0.0024770105389978906,-160.90858197403935,19.690556889031416,0.06978525196219362
60562.0,0.08737143157963934,-0.35793017178066683,172.95380893460813,Clouds,1.3937627239318864,12.0,746.315270299973,11.99984992317138,12.0,200.0,171.48985469838914,0.0024894397787017476,-160.95706903485143,19.642069828219334,0.07019151228711784
60563.0,0.08858740453987152,-0.40680959453434085,173.00264858565114,Clouds,1.3983977367427969,12.0,750.087534429281,11.999848092999171,12.0,200.0,171.53364710403866,0.0025020226974131585,-161.00594845760511,19.59319040546566,0.07060374486969916
60564.0,0.08981848397736614,-0.4560672377173792,173.05186705952713,Clouds,1.4031025130703134,12.0,753.9051749171032,11.999846290564108,12.0,200.0,171.5777426305219,0.0025147569753642806,-161.05520610078815,19.543932762282623,0.07102191593493182
60565.0,0.09106433328413721,-0.505689206560496,173.10145045639715,Clouds,1.4078768086254523,12.0,757.7675013948615,11.999844515632159,12.0,200.0,171.62212765521443,0.002527640309733414,-161.10482806963125,19.494310793439503,0.07144599255729665
60566.0,0.09232461166004607,-0.5556618711661938,173.15138514106636,Clouds,1.4127203734543037,12.0,761.6738299519612,11.99984276795883,12.0,200.0,171.66678882480454,0.002540670419240371,-161.15480073423697,19.444338128833806,0.0718759428074883
60567.0,0.09359897429092529,-0.6059718614741989,173.20165773797333,Clouds,1.4176329515703365,12.0,765.6234827445819,11.999841047290273,12.0,200.0,171.7117130506983,0.0025538450428415444,-161.20511072454497,19.3940281385258,0.07231173570470815
60568.0,0.09488707278711822,-0.6566060719676775,173.2522551359105,Clouds,1.422614281612952,12.0,769.6157883805847,11.999839353363932,12.0,200.0,171.75688751304205,0.002567161941013822,-161.25574493503848,19.34339392803232,0.07275334125548849
60569.0,0.09618855551860145,-0.7075516616755023,173.30316448804385,Clouds,1.4276640971356338,12.0,773.6500819578443,11.99983768590935,12.0,200.0,171.80229966045474,0.0025806188958824453,-161.3066905247463,19.292448338324498,0.07320073045347032
60570.0,0.0975030682255123,-0.7587960644075491,173.3543732221562,Clouds,1.4327821279897983,12.0,777.7257059348386,11.999836044648534,12.0,200.0,171.8479372187919,0.002594213714124985,-161.35793492747834,19.241203935592452,0.07365387537444296
60571.0,0.09883025402484086,-0.8103269749253614,173.4058690268444,Clouds,1.4379680993915744,12.0,781.8420091131934,11.999834429297186,12.0,200.0,171.89378817839304,0.002607944223577477,-161.40946583799615,19.18967302507464,0.07411274905980676
60572.0,0.10016975418542057,-0.8621323647389234,173.45763986731853,Clouds,1.443221733997666,12.0,785.9983479900117,11.99983283956479,12.0,200.0,171.93984080765517,0.002621808277745305,-161.4612712278097,19.137867635261077,0.0745773256656901
60573.0,0.10152120829437106,-0.9142004738329965,173.50967397714783,Clouds,1.4485427516396858,12.0,790.1940862163299,11.999831275155545,12.0,200.0,171.986083645107,0.0026358037539968063,-161.51333933690378,19.085799526167,0.07504758040115977
60574.0,0.10288425469499513,-0.9665198127397641,173.56195986034476,Clouds,1.4539308701394225,12.0,794.4285948936266,11.999829735768863,12.0,200.0,172.03250550064408,0.0026499285545523183,-161.56565867581054,19.033480187260235,0.0755234895612503
60575.0,0.10425853086492548,-1.0190791620933828,173.6144862909323,Clouds,1.459385805915328,12.0,798.7012526861369,11.999828221099978,12.0,200.0,172.0790954544789,0.0026641806068588183,-161.61821802516417,18.980920837906616,0.076005030538053
60575.298,0.1046701832607056,-1.0347866378945887,173.6301840597975,Clouds,1.4610242572925687,12.0,799.9817917407074,11.9998277744635,12.0,200.0,172.09301018676155,0.002668452025369856,-161.6339255009654,18.96521336210541,0.07614961574343773
66404.789496319,0.10469603157514101,-1.0357723881078869,173.63062802188767,Clouds,1.4614045977386267,12.0,799.9875910647696,12.000197152761372,12.0,200.0,172.0930731533274,0.0026684713698326918,-161.6349112511787,18.964227611892113,0.07615027082162763
66405.0,0.10436301855866709,-1.023067671640669,173.61792887732832,Clouds,1.4600796234678235,12.0,798.9514549922559,12.000196896418311,12.0,200.0,172.08181598269567,0.0026650151919173893,-161.62220653471144,18.976932328359332,0.07603327116482048
66406.0,0.1027860729498799,-0.9627575883714192,173.5576455642521,Clouds,1.4538236230121253,12.0,794.0478202098955,12.000195664815248,12.0,200.0,172.0283413003931,0.002648658426923787,-161.5618964514422,19.037242411628583,0.07548064084686587
66407.0,0.10121775662334664,-0.902526310006312,173.4974415597784,Clouds,1.447631100977934,12.0,789.1752422530573,12.000194410030977,12.0,200.0,171.97487718783134,0.0026324052563492352,-161.5016651730771,19.097473689993688,0.07493327096912097
66408.0,0.09965849074066885,-0.8423828197632516,173.43732585633202,Clouds,1.441502317257032,12.0,784.3343059243555,12.000193131641474,12.0,200.0,171.9214323626554,0.0026162576308852823,-161.44152168283404,19.15761718023675,0.07439117641959093
66409.0,0.09810869885652518,-0.7823364087986157,173.3773077543586,Clouds,1.4354375263227612,12.0,779.5256060828784,12.000191829218911,12.0,200.0,171.86801585463775,0.0026002175347682645,-161.38147527186942,19.217663591201383,0.07385437339810756
66410.0,0.09656880672659662,-0.7223966916237495,173.3173968777296,Clouds,1.4294369766368384,12.0,774.7497485128339,12.000190502332185,12.0,200.0,171.81463702158487,0.0025842869886767927,-161.32153555469455,19.27760330837625,0.07332287950787737
66411.0,0.09503924177997836,-0.6625736092703473,173.25760317690109,Clouds,1.4235009086949943,12.0,770.0073498064194,12.000189150547202,12.0,200.0,171.76130555447088,0.0025684680493410525,-161.26171247234112,19.337426390729654,0.07279671373518715
66412.0,0.09352043263463933,-0.6028774346770184,173.19793693429278,Clouds,1.4176295532077865,12.0,765.2990374344276,12.000187773427248,12.0,200.0,171.70803148463256,0.0025527628097783157,-161.2020162977478,19.39712256532298,0.07227589645242369
66413.0,0.0920128086523952,-0.5433187801858562,173.13840877177404,Clouds,1.4118231293814862,12.0,760.625449991337,12.000186370533463,12.0,200.0,171.65482519295327,0.0025371734001104753,-161.14245764325662,19.456681219814143,0.07176044943931795
66414.0,0.09051679917605088,-0.48390859294756927,173.07902964606535,Clouds,1.4060818419220151,12.0,755.9872365036779,12.000184941425008,12.0,200.0,171.60169740834107,0.002521701985257007,-161.08304745601833,19.51609140705243,0.07125039580224989
66415.0,0.0890328334060475,-0.42465817604974576,173.0198108698465,Clouds,1.4004058804313941,12.0,751.3850577662853,12.000183485659988,12.0,200.0,171.54865922929764,0.0025063507693922214,-161.02379703912052,19.575341823950254,0.07074576011745065
66416.0,0.08756133942338801,-0.36557917617477204,172.96076409941338,Clouds,1.3947954154447995,12.0,746.8195850738167,12.000182002795503,12.0,200.0,171.49572211568136,0.00249112199171407,-160.96471803924555,19.634420823825227,0.07024656828726186
66417.0,0.0861027437954121,-0.3066835945804064,172.9019013456428,Clouds,1.3892505966262645,12.0,742.2915007959692,12.00018049238838,12.0,200.0,171.4428979014164,0.0024760179283628584,-160.9058224576512,19.693316405419594,0.06975284760018827
66418.0,0.08465747115590921,-0.24798379746827476,172.843234984344,Clouds,1.3837715507555335,12.0,737.8014989072672,12.000178953995942,12.0,200.0,171.39019880680212,0.0024610408941884293,-160.84712266053907,19.752016202531728,0.06926462678635963
66419.0,0.08322594325404631,-0.18949250493350395,172.784777745203,Clouds,1.378358377591136,12.0,733.3502838952054,12.000177387176254,12.0,200.0,171.33763743171608,0.002446193239108121,-160.7886313680043,19.810507495066496,0.06878193589579562
66420.0,0.08180856702999001,-0.1312228050582265,172.72654272585532,Clouds,1.373011147982222,12.0,728.9385716220614,12.000175791489088,12.0,200.0,171.28522677148257,0.0024314773509814627,-160.730361668129,19.868777194941774,0.06830480639052712
66421.0,0.08040577851517927,-0.0731881442718954,172.668543382238,Clouds,1.367729899653717,12.0,724.5670884012043,12.000174166496294,12.0,200.0,171.23298021154096,0.0024168956525290716,-160.6723270073427,19.926811855728104,0.06783327104334522
66422.0,0.07901797747751821,-0.015402342459827956,172.61079354367308,Clouds,1.3625146351560105,12.0,720.2365719761333,12.000172511762953,12.0,200.0,171.18091154447342,0.002402450604598376,-160.61454120553063,19.984597657540174,0.06736736404366726
66423.0,0.07764556865103489,0.04212041334546185,172.55330740654614,Clouds,1.3573653177213925,12.0,715.9477709044714,12.00017082685797,12.0,200.0,171.1290349678944,0.0023881447041088385,-160.55701844972532,20.042120413345465,0.0669071209303641
66424.0,0.07628895077985604,0.09936557349838104,172.49609952975763,Clouds,1.3522818672001629,12.0,711.7014441200561,12.00016911135474,12.0,200.0,171.07736508401217,0.002373980482591247,-160.4997732895724,20.099365573498382,0.06645257854532144
66425.0,0.07494851613269593,0.15631821969747012,172.43918484074143,Clouds,1.3472641568314856,12.0,707.4983613171427,12.000167364832265,12.0,200.0,171.02591690883318,0.002359960507469279,-160.4428206433733,20.156318219697468,0.0660037750767486
66426.0,0.0736246497986226,0.21296306884576385,172.3825786315862,Clouds,1.3423120090221228,12.0,703.3393026293627,12.000165586875992,12.0,200.0,170.9747058725384,0.0023460873809886262,-160.38617579422504,20.212963068845763,0.06556075002565842
66427.0,0.07231772904049544,0.26928447546863904,172.3262965565964,Clouds,1.337425191162206,12.0,699.2250584565821,12.000163777078784,12.0,200.0,170.92374782124412,0.002332363739639448,-160.32985438760215,20.269284475468638,0.06512354419006433
66428.0,0.07102812265380926,0.3252664350176365,172.27035462896617,Clouds,1.332603411281866,12.0,695.156429266947,12.000161935041953,12.0,200.0,170.8730590180366,0.002318792253496074,-160.27387242805315,20.32526643501764,0.06469219964768423
66429.0,0.06969455447627626,0.38359880287380066,172.21206300175126,Clouds,1.325140096818593,12.0,691.1342255286227,12.00016006037639,12.0,200.0,170.8226561451809,0.0023053756259893057,-160.215540060197,20.383598802873802,0.06426675975180487
66430.0,0.06837464713644492,0.44179425724882193,172.15390900494862,Clouds,1.317505438266393,12.0,687.1592669867572,12.00015815270345,12.0,200.0,170.77255629762365,0.0022921165914946305,-160.15734460582195,20.441794257248823,0.06384726905854518
66431.0,0.06707524762636241,0.49955168278161755,172.09619376187163,Clouds,1.3099830030269077,12.0,683.2323827077809,12.000156211656261,12.0,200.0,170.72277698550667,0.0022790179154799847,-160.09958718028915,20.499551682781618,0.06343377333805428
66432.0,0.06579669970963159,0.5568523588786932,172.03893600077734,Clouds,1.3025735437220978,12.0,679.354411219328,12.000154236881205,12.0,200.0,170.6733361374612,0.0022660823949724844,-160.04228650419208,20.556852358878693,0.06302631959400179
66433.0,0.06453933462466521,0.6136771387904634,171.98215487577227,Clouds,1.2952778324158076,12.0,675.5261994004691,12.000152228038736,12.0,200.0,170.62425208740336,0.002253312854856639,-159.98546172428033,20.613677138790464,0.0626249559530801
66434.0,0.0633034705515979,0.6700064545409202,171.92586996185491,Clouds,1.2880966600692734,12.0,671.7486021319378,12.000150184804676,12.0,200.0,170.57554357014976,0.0022407121467076323,-159.92913240852988,20.67000645454092,0.06222973163587117
66435.0,0.06208941234319648,0.72582031231746,171.87010125948717,Clouds,1.2810308373061776,12.0,668.0224826273568,12.000148106871983,12.0,200.0,170.52722972518183,0.002228283149896175,-159.8733185507533,20.72582031231746,0.061840696999177006
66436.0,0.06089745089910348,0.7810983067836577,171.8148691802569,Clouds,1.2740811928582463,12.0,664.3487115392211,12.000145993951898,12.0,200.0,170.4793300839474,0.002216028768606384,-159.81804055628712,20.781098306783655,0.06145790345126737
66437.0,0.05972786263946389,0.8358196341916722,171.76019453373883,Clouds,1.2672485723140854,12.0,660.7281662082712,12.000143845775169,12.0,200.0,170.43186455804255,0.002203951929331962,-159.7633192288791,20.835819634191672,0.06108140338221101
66438.0,0.058580909249307256,0.8899630962222878,171.70609852361713,Clouds,1.2605338381594962,12.0,657.1617305839223,12.000141662093766,12.0,200.0,170.38485343529197,0.0021920555806107783,-159.7091757668485,20.889963096222285,0.06071125016568926
66439.0,0.05745683727993167,0.9435071138760915,171.65260273376364,Clouds,1.2539378686775127,12.0,653.6502945329399,12.000139442682299,12.0,200.0,170.33831736698806,0.0021803426907188567,-159.6556317491947,20.94350711387609,0.06034749809806304
66440.0,0.05635587784447943,0.9964297407095841,171.59972911496845,Clouds,1.2474615570726708,12.0,650.1947532543913,12.00013718733955,12.0,200.0,170.29227735554713,0.002168816245718868,-159.6027091223612,20.996429740709583,0.05999020234863795
66441.0,0.05527822996627446,1.048708675626122,171.547499972114,Clouds,1.2411058107872028,12.0,646.7960067857074,12.000134895890074,12.0,200.0,170.2467547424061,0.002157479247812523,-159.55043018744468,21.048708675626123,0.0596394189207223
66442.0,0.054224123882554875,1.1003212852506803,171.49593794177193,Clouds,1.2348715497947087,12.0,643.4549589510391,12.000132568185522,12.0,200.0,170.20177118742228,0.002146334711832674,-159.49881757782012,21.10032128525068,0.05929520455490591
66443.0,0.053193728526016726,1.1512446159031224,171.44506598018972,Clouds,1.228759706314067,12.0,640.1725170550795,12.000130204106473,12.0,200.0,170.15734865716357,0.0021353856642220117,-159.44789424716765,21.151244615903124,0.058957616712065
66444.0,0.052187211228545805,1.2014554153502375,171.3949073415057,Clouds,1.2227712234810815,12.0,636.9495910094478,12.000127803563956,12.0,200.0,170.11350940452857,0.0021246351401189947,-159.39768344772057,21.20145541535024,0.05862671349607638
66445.0,0.05120472315594876,1.25093015425431,171.34548555626628,Clouds,1.21690705421836,12.0,633.7870925521318,12.000125366501035,12.0,200.0,170.0702759484584,0.0021140861807541927,-159.3482087088165,21.250930154254313,0.05830255358951487
66446.0,0.05024639937043318,1.2996450475711505,171.2968244099905,Clouds,1.2111681602670974,12.0,630.6859345422312,12.000122892894517,12.0,200.0,170.02767105352802,0.0021037418310978027,-159.29949381549963,21.29964504757115,0.057985196195408734
66447.0,0.0493123587753278,1.3475760868296072,171.2489479108659,Clouds,1.2055555100966218,12.0,627.6470296368581,12.000120382756101,12.0,200.0,169.9857176998509,0.002093605135446263,-159.2515627762412,21.34757608682961,0.05767470091835149
66448.0,0.04840270451349854,1.3946990542097288,171.20188027561935,Clouds,1.200070079119209,12.0,624.6712902000464,12.00011783613472,12.0,200.0,169.9444390687287,0.0020836791371184075,-159.20443980886105,21.39469905420973,0.0573711277714479
66449.0,0.047517523962893105,1.4409895621090432,171.15564588993215,Clouds,1.194712847067247,12.0,621.7596266679957,12.000115253117402,12.0,200.0,169.90385850583857,0.002073966873002508,-159.15814930096175,21.440989562109042,0.057074537026357966
66450.0,0.04665688901917059,1.4864230831943146,171.11026927835496,Clouds,1.1894847966681499,12.0,618.9129466006195,12.000112633830806,12.0,200.0,169.86399949255255,0.0020644713703925786,-159.11271577987645,21.486423083194314,0.05678498913424628
66451.0,0.0458208566210897,1.5309749725044286,171.065775082159,Clouds,1.184386913385007,12.0,616.1321543024693,12.000109978443342,12.0,200.0,169.82488562406817,0.0020551956457239137,-159.06816389056635,21.530974972504428,0.05650254470577587
66452.0,0.04500946888921481,1.5746205149136936,171.02218801186115,Clouds,1.1794201823937969,12.0,613.4181489306728,12.000107287165699,12.0,200.0,169.7865405651308,0.0020461426982618515,-159.0245183481571,21.57462051491369,0.05622726433657296
66453.0,0.04422275385308588,1.6173349462329552,170.9795328260715,Clouds,1.1745855887469447,12.0,610.7718243249159,12.000104560253222,12.0,200.0,169.74898802871436,0.0020373155095346524,-158.98180391683783,21.617334946232955,0.05595920861018443
66454.0,0.043460725635955544,1.6590935082087521,170.9378342764937,Clouds,1.1698841138227558,12.0,608.1940668022203,12.000101798005929,12.0,200.0,169.71225172477833,0.0020287170359776707,-158.94004535486204,21.659093508208752,0.05569843789261627
66455.0,0.04272338531232939,1.6998714718506287,170.8971170845465,Clouds,1.1653167355286207,12.0,605.685754989384,12.000099000770872,12.0,200.0,169.67635533668127,0.0020203502083744346,-158.89926739122015,21.699871471850628,0.055445012336627256
66456.0,0.04201072140433121,1.7396441846671324,170.8574058941134,Clouds,1.1608844259293645,12.0,603.2477582408089,12.000096168942806,12.0,200.0,169.64132247644304,0.00201221792657909,-158.85949467840365,21.73964418466713,0.055198991740987885
66457.0,0.04132269007122596,1.7783871156427562,170.81872522654962,Clouds,1.1565881492842103,12.0,600.8809352680985,12.000093302964926,12.0,200.0,169.60717664183218,0.0020043230549452264,-158.82075174742803,21.778387115642754,0.054960435433257224
66458.0,0.04065929703609618,1.816075894494837,170.7810994413977,Clouds,1.152428860851771,12.0,598.5861331827148,12.000090403330141,12.0,200.0,169.57394117835253,0.0019966684191325282,-158.78306296857596,21.816075894494837,0.05472940219341756
66459.0,0.040020477370153594,1.8526863568805858,170.74455269116322,Clouds,1.1484075051476146,12.0,596.3641862312767,12.000087470581876,12.0,200.0,169.54163923586776,0.001989256801888181,-158.7464525061902,21.852686356880582,0.05450595014780562
66460.0,0.039406176462498235,1.8881945956739834,170.70910887003575,Clouds,1.1445250136500895,12.0,594.2159142190641,12.000084505314165,12.0,200.0,169.51029371975432,0.0019820909377882483,-158.71094426739683,21.888194595673983,0.05429013663136131
66461.0,0.03881633100856224,1.922576999271477,170.67479157555252,Clouds,1.1407823040325078,12.0,592.1421217689665,12.000081508173079,12.0,200.0,169.47992725338565,0.0019751735107657927,-158.6765618637993,21.922576999271474,0.054082018134355175
66462.0,0.038250864369474696,1.9558103074219557,170.64162405277767,Clouds,1.1371802775593625,12.0,590.1435965630742,12.000078479856294,12.0,200.0,169.4505621250717,0.001968507148245451,-158.64332855564885,21.955810307421956,0.05388165014659981
66463.0,0.0377097092860016,1.9878716595921575,170.60962914593324,Clouds,1.133719817385519,12.0,588.2211080771984,12.000075421113271,12.0,200.0,169.42222024149558,0.001962094416922251,-158.61126720347863,21.987871659592155,0.05368908705217639
66464.0,0.037192775628941674,2.0187386378294163,170.578829255519,Clouds,1.1304017875077017,12.0,586.3754066746584,12.000072332746065,12.0,200.0,169.39492308595206,0.001955937819738809,-158.58040022524136,22.018738637829415,0.05350438205924209
66465.0,0.03669997375997677,2.0483893243501594,170.54924628074744,Clouds,1.1272270301699931,12.0,584.6072218422372,12.000069215608235,12.0,200.0,169.36869166353313,0.0019500397900011118,-158.55074953872062,22.04838932435016,0.053327587044320786
66466.0,0.0362312097949301,2.0768023471603407,170.52090157391947,Clouds,1.1241963645986865,12.0,582.9172611616458,12.000066070605037,12.0,200.0,169.34354645685085,0.0019444026879476928,-158.52233651591044,22.07680234716034,0.05315875246995178
66467.0,0.0357863865388954,2.1039569303364494,170.49381589015508,Clouds,1.121310585247625,12.0,581.3062090109808,12.0000628986929,12.0,200.0,169.31950737763216,0.0019390287964181567,-158.49518193273434,22.103956930336448,0.05299792727528816
66468.0,0.035365404369892384,2.1298329472608604,170.46800933418604,Clouds,1.1185704597316262,12.0,579.7747250943496,12.00005970087812,12.0,200.0,169.2965937157055,0.0019339203159485405,-158.4693059158099,22.129832947260862,0.05284515874889588
66469.0,0.03496816227137946,2.154410963961975,170.44350131701458,Clouds,1.1159767277954173,12.0,578.3234435511434,12.000056478216937,12.0,200.0,169.2748240967595,0.001929079361800167,-158.4447278991088,22.154410963961976,0.0527004924596729
66470.0,0.03459455867094711,2.1776722929651138,170.42031050210585,Clouds,1.1135300991289325,12.0,576.9529714283376,12.000053231813535,12.0,200.0,169.25421643085338,0.0019245079588637872,-158.42146657010568,22.177672292965113,0.052563972123552696
66471.0,0.03424449235788358,2.199599040457893,170.3984547582511,Clouds,1.1112312518427767,12.0,575.6638875260973,12.000049962818741,12.0,200.0,169.2347878669026,0.001920208037808934,-158.3995398226129,22.19959904045789,0.052435639505707156
66472.0,0.033917863432538824,2.22017414891634,170.37795111695684,Clouds,1.10908083134651,12.0,574.4567414764397,12.000046672429313,12.0,200.0,169.2165547512621,0.0019161814320106734,-158.37896471415445,22.220174148916342,0.05231553434824191
66473.0,0.03361457409119924,2.2393814469748574,170.35881572263438,Clouds,1.1070794483754702,12.0,573.3320523559339,12.000043361885222,12.0,200.0,169.1995325800109,0.0019124298729220664,-158.35975741609593,22.239381446974853,0.052203694248032395
66474.0,0.033334529496952904,2.257205690330923,170.3410637917247,Clouds,1.1052276778523136,12.0,572.2903077748716,12.00004003246828,12.0,200.0,169.18373595929006,0.00190895498703597,-158.34193317273986,22.25720569033092,0.05210015458234792
66475.0,0.033077638567168735,2.273632603734625,170.32470957075498,Clouds,1.1035260575068062,12.0,571.3319628437334,12.00003668550004,12.0,200.0,169.1691785648262,0.0019057582924375419,-158.32550625933615,22.273632603734622,0.05200494842197495
66476.0,0.03284381470553174,2.288648921850812,170.3097662955364,Clouds,1.1019750864715192,12.0,570.457439139463,12.000033322339018,12.0,200.0,169.15587310262214,0.0019028411953560987,-158.31048994121997,22.28864892185081,0.05191810644275334
66477.0,0.03263297653067127,2.302242425157214,170.29624615531074,Clouds,1.1005752242334248,12.0,569.6671238857056,12.000029944378662,12.0,200.0,169.1438312742193,0.00190020498743069,-158.29689643791357,22.302242425157214,0.05183965685801314
66478.0,0.032445048529337765,2.314401975001901,170.28416025775104,Clouds,1.0993268894958133,12.0,568.9613690989911,12.000026553044664,12.0,200.0,169.13306374290994,0.001897850842862068,-158.2847368880689,22.3144019750019,0.051769625345294015
66479.0,0.03227996165086681,2.325117546334988,170.27351859630014,Clouds,1.098230459090279,12.0,568.3404907801906,12.000023149791737,12.0,200.0,169.1235801022306,0.00189577981571568,-158.2740213167358,22.32511754633499,0.05170803497925992
66480.0,0.03213765386959953,2.3343802559698235,170.26433002196526,Clouds,1.0972862671446717,12.0,567.8047682678342,12.000019736101041,12.0,200.0,169.1153888486444,0.0018939928377645651,-158.264758607101,22.334380255969823,0.05165490617622437
66481.0,0.0320180706703601,2.342182388901169,170.25660221706985,Clouds,1.0964946042322266,12.0,567.3544436003818,12.00001631347698,12.0,200.0,169.10849735619632,0.0018924907163621236,-158.2569564741696,22.34218238890117,0.05161025664132064
66482.0,0.03192116547624728,2.3485174211047593,170.25034167252113,Clouds,1.095855716652456,12.0,566.9897209727615,12.00001288344409,12.0,200.0,169.1029118545468,0.0018912741326293188,-158.25062144196602,22.34851742110476,0.05157410132191501
66483.0,0.03184690001362734,2.353380038852362,170.24555366857683,Clouds,1.095369805830491,12.0,566.710766280587,12.000009447543295,12.0,200.0,169.09863741037674,0.001890343639934354,-158.24575882421843,22.35338003885236,0.05154645236958449
66484.0,0.031795244611762224,2.3567661544571914,170.2422422591644,Clouds,1.0950370278312178,12.0,566.5177067507368,12.00000600732892,12.0,200.0,169.09567791222435,0.0018896996626604156,-158.2423727086136,22.35676615445719,0.05152731910881278
66485.0,0.031766178432126785,2.3586729185676063,170.24041025966613,Clouds,1.0948574929712955,12.0,566.4106306493949,12.000002564365074,12.0,200.0,169.09403605868218,0.0018893424952318007,-158.24046594450317,22.358672918567606,0.05151670801264749
66486.0,0.03176027183839868,2.3590605207442943,170.24005923815366,Clouds,1.0948312655216457,12.0,566.3895870638225,11.999999120222263,12.0,200.0,169.09371334994847,0.0018892723013859893,-158.24007834232648,22.359060520744297,0.05151462268351806
66487.0,0.03177863753674237,2.357855466392664,170.24118951147543,Clouds,1.094958363641111,12.0,566.4545858372164,11.99999567647337,12.0,200.0,169.09471008398558,0.0018894891139563507,-158.2412833966781,22.357855466392664,0.05152106384873374
66488.0,0.03181958647512917,2.355170095035114,170.24380014321252,Clouds,1.095238759230321,12.0,566.6055974822156,11.999992234690671,12.0,200.0,169.0970253546298,0.001889992834583636,-158.24396876803567,22.355170095035113,0.051536029352379574
66489.0,0.03188313586339104,2.3510066257022855,170.24788894837297,Clouds,1.0956723782093045,12.0,566.8425533557775,11.999988796441523,12.0,200.0,169.10065705599226,0.0018907832342993011,-158.2481322373685,22.351006625702286,0.051559514171385386
66490.0,0.03196931180487872,2.345368522203331,170.25345249702707,Clouds,1.096259100413117,12.0,567.1653456430046,11.999985363285834,12.0,200.0,169.10560188620212,0.0018918599534715598,-158.25377034086745,22.34536852220333,0.051591510411802995
66491.0,0.03207814914739915,2.3382604796098176,170.26048612772456,Clouds,1.096998760231089,12.0,567.5738277815003,11.999981936771524,12.0,200.0,169.11185536014654,0.0018932225032208792,-158.26087838346098,22.33826047960982,0.05163200734694958
66492.0,0.03220969117998476,2.3296884126933013,170.26898395899863,Clouds,1.0978911467837704,12.0,568.0678146489778,11.999978518431828,12.0,200.0,169.1194118207832,0.0018948702660457784,-158.2694504503775,22.3296884126933,0.05168099143167102
66493.0,0.03236398933694653,2.3196594359370395,170.27893890926765,Clouds,1.098936004713023,12.0,568.6470831170888,11.999975109781317,12.0,200.0,169.12826445820397,0.0018968024976702008,-158.27947942713374,22.319659435937037,0.05173844635066323
66494.0,0.03254110277271881,2.308181844268023,170.2903427160416,Clouds,1.1001330346509464,12.0,569.3113724466015,11.999971712313062,12.0,200.0,169.13840532834047,0.0018990183283616878,-158.29095701880277,22.308181844268024,0.051804353050180905
66495.0,0.03274109790994484,2.295265088091991,170.30318596081543,Clouds,1.10148189403973,12.0,570.060384900204,11.999968327495347,12.0,200.0,169.14982537698532,0.0019015167649754686,-158.3038737749788,22.29526508809199,0.05187868979041826
66496.0,0.03296404790409944,2.2809197466364632,170.3174580956629,Clouds,1.1029821979001564,12.0,570.8937863464112,11.999964956768753,12.0,200.0,169.1625144655671,0.0019042966929688778,-158.31821911643434,22.280919746636464,0.051961432195600205
66497.0,0.03321003210616396,2.26515749470199,170.33314747641282,Clouds,1.1046335200711703,12.0,571.8112071461536,11.999961601542836,12.0,200.0,169.17646140301065,0.001907356879358698,-158.3339813683688,22.265157494701988,0.052052553330972834
66498.0,0.0334791353904067,2.247991071780867,170.35024139348064,Clouds,1.1064353940037337,12.0,572.8122428074721,11.999958263193829,12.0,200.0,169.19165397572107,0.0019106959749049862,-158.35114779128992,22.247991071780866,0.052152023755820225
66499.0,0.03377144748322708,2.229434245194358,170.36872610867147,Clouds,1.1083873139913774,12.0,573.8964549014162,11.999954943061907,12.0,200.0,169.20807898307882,0.0019143125171661797,-158.36970461787644,22.22943424519436,0.0522598116012578
66500.0,0.03408706221409512,2.2095017727793835,170.38858689244427,Clouds,1.110488736278349,12.0,575.0633719248166,11.999951642448925,12.0,200.0,169.22572227352362,0.0019182049333769985,-158.38963709029142,22.209501772779383,0.05237588264233487
66501.0,0.03442607679537407,2.188209358842363,170.40980806790103,Clouds,1.1127390807212727,12.0,576.3124904863142,11.999948362615791,12.0,200.0,169.24456878677944,0.0019223715444046103,-158.41092950422842,22.188209358842364,0.052500200400287744
66502.0,0.0347885909593964,2.1655736147461218,170.43237305016413,Clouds,1.1151377318300102,12.0,577.6432761581177,11.999945104780844,12.0,200.0,169.2646025921222,0.001926810567589788,-158.43356524832467,22.165573614746123,0.05263272621188025
66503.0,0.03517470610796884,2.1416120147822495,170.45626439046453,Clouds,1.1176840401839176,12.0,579.0551645490569,11.999941870118024,12.0,200.0,169.28580693096094,0.0019315201203262322,-158.45752684828855,22.14161201478225,0.052773419319675066
66504.0,0.03558452450006653,2.11634284639271,170.48146382587544,Clouds,1.1203773243478627,12.0,580.5475626657461,11.999938659754823,12.0,200.0,169.30816426453794,0.0019364982246009206,-158.48279601667807,22.11634284639271,0.05292223698960358
66505.0,0.03601814829337765,2.089785166732455,170.5079523227273,Clouds,1.1232168720372342,12.0,582.1198498634285,11.999935474771272,12.0,200.0,169.3316563161017,0.0019417428101657864,-158.50935369633834,22.089785166732455,0.053079134588389566
66506.0,0.03647567864661978,2.0619587532300114,170.5357101260176,Clouds,1.1262019418547946,12.0,583.771379122578,11.999932316198562,12.0,200.0,169.35626411847153,0.0019472517187960011,-158.5371801098408,22.061958753230012,0.05324406569126265
66507.0,0.036957214763357234,2.0328840561049226,170.56471680687372,Clouds,1.1293317647745624,12.0,585.5014781902912,11.999929185018162,12.0,200.0,169.38196805992158,0.0019530227080972503,-158.56625480696584,22.03288405610492,0.05341698217761692
66508.0,0.03746285302775861,2.0025821442727536,170.5949513166212,Clouds,1.1326055463089704,12.0,587.3094511050006,11.999926082160572,12.0,200.0,169.40874793594986,0.0019590534565916283,-158.59655671879804,22.002582144272754,0.05359783436238194
66509.0,0.03799268599062218,1.9710746598194504,170.62639203230444,Clouds,1.136022467749922,12.0,589.1945792094608,11.999923008505124,12.0,200.0,169.4365829934762,0.001965341567096597,-158.62806420325134,21.97107465981945,0.0537865710782929
66510.0,0.03854680145391158,1.9383837665200994,170.65901680815497,Clouds,1.1395816880554874,12.0,591.1561225237167,11.999919964879378,12.0,200.0,169.46545198030734,0.0019718845713047146,-158.6607550965507,21.9383837665201,0.05398313979213933
66511.0,0.03912528747177788,1.9045321016079995,170.69280302382023,Clouds,1.143282345410749,12.0,593.1933209375758,11.999916952059026,12.0,200.0,169.49533319170632,0.001978679933761295,-158.69460676146278,21.904532101608,0.05418748670312096
66512.0,0.03972820811250447,1.869542721021158,170.72772763910646,Clouds,1.1471235595407991,12.0,595.3053958173028,11.999913970767416,12.0,200.0,169.52620452268195,0.001985725057223764,-158.72959614204962,21.869542721021162,0.05439955688369581
66513.0,0.04035563697128409,1.8334390552184623,170.76376723817356,Clouds,1.1511044329308515,12.0,597.4915510055687,11.999911021676057,12.0,200.0,169.55804351088446,0.00199301728599713,-158.76569980785231,21.833439055218463,0.05461929435823593
66514.0,0.041007633674419446,1.7962448608833428,170.80089807783676,Clouds,1.1552240525586985,12.0,599.7509741017981,11.999908105404879,12.0,200.0,169.59082738306773,0.0020005539102047657,-158.80289400218746,21.79624486088334,0.054846642210337415
66515.0,0.041684268906155786,1.7579841658400857,170.83909614264897,Clouds,1.1594814924663022,12.0,602.0828381987034,11.999905222522163,12.0,200.0,169.62453310744633,0.0020083321715808587,-158.8411546972307,21.757984165840085,0.05508154273635179
66516.0,0.042385542293067624,1.7186812353272074,170.878337178658,Clouds,1.1638758140652845,12.0,604.4863023666154,11.99990237354597,12.0,200.0,169.6591374271193,0.0020163492650859664,-158.88045762774357,21.71868123532721,0.055323937473400205
66517.0,0.04311150415123738,1.6783605133507713,170.91859675205063,Clouds,1.1684060693095981,12.0,606.9605137076688,11.999899558944014,12.0,200.0,169.69461691535687,0.002024602345759041,-158.92077834972002,21.678360513350768,0.05557376738416269
66518.0,0.04386217249026719,1.6370465878701337,170.95985028399764,Clouds,1.1730713013398397,12.0,609.504608013182,11.999896779135081,12.0,200.0,169.73094800975431,0.0020330885309102135,-158.96209227520066,21.637046587870135,0.05583097290348257
66519.0,0.04463755318796819,1.5947641379107793,171.0020731035491,Clouds,1.1778705472764603,12.0,612.1177115906835,11.999894034489424,12.0,200.0,169.76810706217148,0.0020418049062150972,-159.00437472516,21.59476413791078,0.05609549410116242
66520.0,0.045437639089224324,1.5515379062102754,171.0452404750291,Clouds,1.1828028382718645,12.0,614.7989415824856,11.999891325330614,12.0,200.0,169.8060703660627,0.0020507485267774335,-159.0476009568605,21.551537906210278,0.05636727069454415
66521.0,0.04626240967392553,1.5073926450584298,171.089327652203,Clouds,1.1878672027322397,12.0,617.5474080070197,11.999888651935905,12.0,200.0,169.84481420723625,0.0020599164239382558,-159.09174621801236,21.50739264505843,0.056646242234484986
66522.0,0.04711183037008854,1.4623530861248726,171.13430990848687,Clouds,1.1930626669754916,12.0,620.3622143889401,11.99988601453794,12.0,200.0,169.88431489336133,0.002069305607377688,-159.1367857769459,21.46235308612487,0.0569323481500714
66523.0,0.04798585206709727,1.416443904008734,171.18016257342663,Clouds,1.1983882567437607,12.0,623.242458846679,11.999883413326067,12.0,200.0,169.92454878884422,0.00207891306874264,-159.18269495906205,21.416443904008734,0.05722552783864411
66524.0,0.04888441081683187,1.369689674794441,171.22686107416473,Clouds,1.203842999458389,12.0,626.1872355704528,11.999880848447388,12.0,200.0,169.96549235390836,0.0020887357865769017,-159.22944918827633,21.36968967479444,0.05752572079798373
66525.0,0.04980742734755911,1.322114849413669,171.27438096211716,Clouds,1.2094259249270474,12.0,629.1956354484287,11.999878320008552,12.0,200.0,170.00712217051827,0.0020987707284098145,-159.27702401365713,21.32211484941367,0.0578328666718416
66526.0,0.05075480680121025,1.273743720179452,171.32269794646888,Clouds,1.215136066997412,12.0,632.2667471954662,11.999875828077124,12.0,200.0,170.04941497412568,0.002109014854521344,-159.32539514289135,21.27374372017945,0.058146905345808936
66527.0,0.05172643849179459,1.2246003912774974,171.37178792371583,Clouds,1.2209724649167062,12.0,635.399658309999,11.999873372683107,12.0,200.0,170.09234768177012,0.002119465121133898,-159.3745384717933,21.224600391277498,0.058467777029003916
66528.0,0.052722195678427564,1.1747087534201877,171.42162700304692,Clouds,1.2269341643618725,12.0,638.5934558418177,11.999870953820613,12.0,200.0,170.13589741637043,0.00213011848297337,-159.42443010965061,21.174708753420187,0.05879542231462761
66529.0,0.05374193563554874,1.124092448538447,171.47219154167766,Clouds,1.2330202198258209,12.0,641.8472278753941,11.999868571449035,12.0,200.0,170.18004153953547,0.0021409718982169793,-159.47504641453233,21.12409244853845,0.05912978231635374
66530.0,0.05478549926528059,1.0727748621927897,171.52345815248881,Clouds,1.2392296938561351,12.0,645.1600633112411,11.999866225495337,12.0,200.0,170.22475766000244,0.002152022327763966,-159.526364000878,21.072774862192787,0.05947079863022302
66531.0,0.05585271143311221,1.0207790846917923,171.57540374292748,Clouds,1.245561660197815,12.0,648.5310537296776,11.999863915854949,12.0,200.0,170.2700236692193,0.0021632667414524407,-159.578359778379,21.020779084691796,0.059818413510358937
66532.0,0.05694339438220902,0.968127902462308,171.6280055236821,Clouds,1.2520152034637917,12.0,651.9592933812175,11.999861642393858,12.0,200.0,170.3158177503636,0.0021747021180273237,-159.63101096060848,20.96812790246231,0.06017256985467333
66533.0,0.05805731212144777,0.9148437669709402,171.6812410397853,Clouds,1.2585894216817597,12.0,655.4438807013057,11.999859404949731,12.0,200.0,170.36211840675676,0.0021863254501929656,-159.68429509609985,20.91484376697094,0.06053321134678641
66534.0,0.059194256801496425,0.8609487947942089,171.7350881705919,Clouds,1.2652834251835268,12.0,658.983917865067,11.999857203334122,12.0,200.0,170.40890446301097,0.0021981337431279443,-159.73819006827657,20.86094879479421,0.060900282397387304
66535.0,0.06035398974395528,0.8064647347444618,171.78952516267276,Clouds,1.272096339685844,12.0,662.5785125598616,11.999855037333392,12.0,200.0,170.45615509467237,0.0022101240203976765,-159.79267412832633,20.80646473474446,0.06127372831454078
66536.0,0.061536256906358555,0.7514129637729916,171.8445306339534,Clouds,1.2790273059786896,12.0,666.2267779419612,11.999852906710624,12.0,200.0,170.5038498326863,0.0022222933238099044,-159.84772589929779,20.751412963772992,0.06165349528839906
66537.0,0.06274078926201665,0.6958144720413493,171.90008358867254,Clouds,1.286075481081669,12.0,669.9278333624252,11.999850811206999,12.0,200.0,170.5519685771354,0.0022346387158359575,-159.90332439102943,20.69581447204135,0.06203953045545617
66538.0,0.06396730311761534,0.6396898545113503,171.95616342582653,Clouds,1.2932400387184784,12.0,673.680804721421,11.999848750543395,12.0,200.0,170.6004916051832,0.002247157280792638,-159.95944900855943,20.63968985451135,0.062431781924858
66539.0,0.0652155007579937,0.5830592909684275,172.01274995917,Clouds,1.3005201713994716,12.0,677.4848256551244,11.999846724421463,12.0,200.0,170.6493995888777,0.0022598461288012937,-160.01607957210237,20.58305929096843,0.06283019889283362
66540.0,0.06648507050482289,0.525942555957274,172.06982340732304,Clouds,1.3079150888102908,12.0,681.3390367734418,11.999844732525629,12.0,200.0,170.69867358695834,0.0022727023932451354,-160.0731963071135,20.525942555957272,0.06323473155441009
66541.0,0.06777568761112951,0.468358993590767,172.12736441897954,Clouds,1.3154240208100354,12.0,685.2425873045983,11.999842774523866,12.0,200.0,170.74829506690253,0.0022857232362549903,-160.13077986948002,20.46835899359077,0.06364533126695757
66542.0,0.06908701455941618,0.41032752223449215,172.18535406825822,Clouds,1.3230462167172115,12.0,689.1946347834127,11.999840850069349,12.0,200.0,170.79824590103044,0.0022989058476694992,-160.18881134083628,20.410327522234493,0.06406195051055354
66543.0,0.0704187016764668,0.35186662731667695,172.243773861919,Clouds,1.3307809462214135,12.0,693.194345581833,11.999838958801645,12.0,200.0,170.84850837276105,0.0023122474468047923,-160.2472722357541,20.351866627316678,0.06448454293653291
66544.0,0.07171276650204678,0.29549469280780594,172.30010540791147,Clouds,1.3361271672973976,12.0,697.2408950468096,11.999837100348023,12.0,200.0,170.89906517723773,0.0023257452829143874,-160.303644170263,20.295494692807807,0.06491306337636146
66545.0,0.07301222619877873,0.2393046616617517,172.3562557549532,Clouds,1.3410088544460548,12.0,701.333468537905,11.999835274324335,12.0,200.0,170.94989943256127,0.0023393966386502795,-160.35983420140906,20.23930466166175,0.06534746794586369
66546.0,0.07432883732019824,0.18278272707311022,172.4127387013081,Clouds,1.3459563227898026,12.0,705.471260390749,11.999833480336676,12.0,200.0,171.00099466458815,0.0023531988266054012,-160.41635613599766,20.18278272707311,0.06578771393014528
66547.0,0.07566222654844967,0.12594471486224593,172.46953841241447,Clouds,1.3509698291316072,12.0,709.6534754600449,11.999831717981964,12.0,200.0,171.052334823339,0.0023671491944605386,-160.47319414820856,20.125944714862246,0.06623375994384677
66548.0,0.07701201235272231,0.06880609214037928,172.52663941224813,Clouds,1.356049573324142,12.0,713.8793285834164,11.999829986849258,12.0,200.0,171.10390427305322,0.002381245123195916,-160.53033277093039,20.06880609214038,0.06668556587077663
66549.0,0.07837780569317232,0.011381961903336693,172.58402658874954,Clouds,1.3611957027506638,12.0,718.1480449528137,11.999828286520703,12.0,200.0,171.1556877930987,0.0023954840283300716,-160.58775690116747,20.01138196190334,0.06714309290016442
66550.0,0.07975921067008007,-0.04631293895951212,172.64168519583504,Clouds,1.3664083164183036,12.0,722.4588602764067,11.999826616572468,12.0,200.0,171.2076705758744,0.002409863360459877,-160.6454518020303,19.953687061040487,0.06760630354233974
66551.0,0.08115582510999653,-0.10426423817703818,172.6996008519295,Clouds,1.3716874686374743,12.0,726.8110207168909,11.9998249765757,12.0,200.0,171.25983822167154,0.0024243806050547505,-160.7034031012478,19.895735761822962,0.06807516162048116
66552.0,0.08256725223223399,-0.16245793639342648,172.75775954827807,Clouds,1.3770331734858874,12.0,731.2037836007753,11.999823366097209,12.0,200.0,171.31217674244675,0.0024390332848225798,-160.7615967994642,19.837542063606573,0.0685496323454357
66553.0,0.08399305655729311,-0.22088040161047193,172.8161476434089,Clouds,1.3824454079140123,12.0,735.6364171255267,11.999821784700384,12.0,200.0,171.36467255321006,0.002453818958732867,-160.82001926468126,19.779119598389528,0.0690296822848588
66554.0,0.08543283337861896,-0.2795183602298332,172.8747518541959,Clouds,1.3879241143977625,12.0,740.1081998261444,11.999820231946163,12.0,200.0,171.41731246049284,0.0024687352202374096,-160.87865722330062,19.720481639770167,0.06951527930528548
66555.0,0.08688616223986961,-0.3383589113054397,172.93355927011874,Clouds,1.3934692056277378,12.0,744.6184218366774,11.999818707393372,12.0,200.0,171.470083671782,0.002483779701478272,-160.93749777437623,19.66164108869456,0.070006392709013
66556.0,0.08835261960166596,-0.39738951378076337,172.9925573405205,Clouds,1.3990805665894368,12.0,749.1663841282132,11.99981721059965,12.0,200.0,171.52297378077716,0.0024989500707459865,-160.99652837685156,19.602610486219238,0.07050299315391102
66557.0,0.08983177951686505,-0.45659798640911875,173.0517338745402,Clouds,1.404758057693446,12.0,753.7513987318932,11.999815741122026,12.0,200.0,171.57597076416764,0.002514244033223455,-161.0557368494799,19.54340201359088,0.07100505267909837
66558.0,0.09132321416129002,-0.5159725018751359,173.1110770352487,Clouds,1.4105015172435755,12.0,758.3727885377517,11.999814298517585,12.0,200.0,171.62906297332015,0.0025296593303149465,-161.1151113649459,19.484027498124867,0.07151254468497964
66559.0,0.09282649468672088,-0.5755015938550058,173.17057534671613,Clouds,1.4163107650416986,12.0,763.0298881224994,11.999812882343775,12.0,200.0,171.68223913764652,0.002545193742407287,-161.17464045692577,19.424498406144995,0.07202544402791014
66560.0,0.09434119131722735,-0.6351741342283628,173.2302176712438,Clouds,1.422185602993515,12.0,767.7220422672702,11.999811492159358,12.0,200.0,171.73548834138987,0.0025608450839255947,-161.23431299729916,19.36482586577164,0.07254372686040986
66561.0,0.09586687437312907,-0.6949793474288785,173.2899932237163,Clouds,1.4281258192027793,12.0,772.448607390011,11.999810127524452,12.0,200.0,171.78880003372103,0.002576611208111216,-161.29411821049968,19.30502065257112,0.07306737079247821
66562.0,0.09740311460307643,-0.7549067976835095,173.3498915588551,Clouds,1.4341311893349253,12.0,777.2089508773535,11.999808788001214,12.0,200.0,171.84216401469644,0.002592490004793094,-161.3540456607543,19.24509320231649,0.07359635482374333
66563.0,0.09894948348967281,-0.814946375902087,173.40990255812014,Clouds,1.4402014777985301,12.0,782.0024503814501,11.999807473154373,12.0,200.0,171.89557042105264,0.002608479398042262,-161.41408523897286,19.18505362409791,0.07413065926896568
66564.0,0.1005055541588345,-0.8750883105628933,173.47001644059677,Clouds,1.4463364412361122,12.0,786.8284950383418,11.999806182551298,12.0,200.0,171.9490097334612,0.0026245773502358814,-161.4742271736337,19.124911689437106,0.07467026589944291
66565.0,0.10207090150874176,-0.9353231487471556,173.53022374404392,Clouds,1.452535828923038,12.0,791.6864843202669,11.999804915762635,12.0,200.0,172.0024727572994,0.002640781858228958,-161.53446201181794,19.064676851252845,0.07521515782150288
66566.0,0.10364510301416918,-0.9956417639454143,173.59051533270193,Clouds,1.4587993857854924,12.0,796.5758290384211,11.999803672362356,12.0,200.0,172.05595062732246,0.002657090956699188,-161.5947806270162,19.004358236054586,0.07576531959399481
66566.693,0.10474099746291471,-1.0374870518673258,173.63234218452254,Clouds,1.4631775373330214,12.0,799.9822333483445,11.99980282418374,12.0,200.0,172.09301498156333,0.0026684534984143748,-161.63662591493812,18.962512948132677,0.0761496656262073
